time,temperature_2m (°F),rain (inch),soil_temperature_0_to_7cm (°F),soil_moisture_0_to_7cm (m³/m³)
2020-01-01T12:00,29.6,0.039,27.1,0.434
2020-01-02T12:00,31.6,0.0,29.0,0.434
2020-01-03T12:00,28.4,0.0,29.3,0.434
2020-01-04T12:00,17.9,0.0,29.7,0.434
2020-01-05T12:00,32.3,0.0,29.6,0.434
2020-01-06T12:00,23.0,0.0,27.1,0.433
2020-01-07T12:00,10.6,0.0,27.8,0.433
2020-01-08T12:00,0.3,0.0,28.3,0.433
2020-01-09T12:00,14.8,0.0,28.9,0.433
2020-01-10T12:00,0.2,0.0,29.8,0.433
2020-01-11T12:00,-7.3,0.0,28.5,0.432
2020-01-12T12:00,10.8,0.0,29.3,0.432
2020-01-13T12:00,20.8,0.0,30.5,0.432
2020-01-14T12:00,2.4,0.0,27.4,0.432
2020-01-15T12:00,-1.8,0.0,27.3,0.432
2020-01-16T12:00,-13.2,0.0,27.0,0.432
2020-01-17T12:00,20.8,0.0,28.1,0.431
2020-01-18T12:00,1.7,0.0,27.1,0.431
2020-01-19T12:00,-2.8,0.0,27.2,0.431
2020-01-20T12:00,-3.9,0.0,27.0,0.431
2020-01-21T12:00,20.4,0.0,27.0,0.431
2020-01-22T12:00,23.9,0.0,27.2,0.431
2020-01-23T12:00,26.3,0.0,30.4,0.431
2020-01-24T12:00,26.1,0.0,30.2,0.431
2020-01-25T12:00,24.0,0.0,30.3,0.43
2020-01-26T12:00,25.1,0.0,30.5,0.43
2020-01-27T12:00,17.4,0.0,27.7,0.43
2020-01-28T12:00,13.1,0.0,27.2,0.429
2020-01-29T12:00,20.1,0.0,28.8,0.429
2020-01-30T12:00,25.2,0.0,31.0,0.429
2020-01-31T12:00,26.9,0.0,27.9,0.429
2020-02-01T12:00,32.0,0.0,27.3,0.429
2020-02-02T12:00,36.9,0.0,27.4,0.456
2020-02-03T12:00,17.2,0.0,27.7,0.473
2020-02-04T12:00,11.5,0.0,28.7,0.466
2020-02-05T12:00,21.9,0.0,27.0,0.462
2020-02-06T12:00,19.3,0.0,28.8,0.459
2020-02-07T12:00,-0.6,0.0,26.9,0.457
2020-02-08T12:00,19.3,0.0,28.1,0.455
2020-02-09T12:00,23.2,0.0,30.3,0.452
2020-02-10T12:00,27.8,0.0,27.2,0.45
2020-02-11T12:00,24.6,0.0,27.1,0.449
2020-02-12T12:00,-8.5,0.0,27.0,0.448
2020-02-13T12:00,-6.3,0.0,26.3,0.447
2020-02-14T12:00,16.1,0.0,26.6,0.446
2020-02-15T12:00,26.0,0.0,27.1,0.446
2020-02-16T12:00,13.4,0.0,26.9,0.446
2020-02-17T12:00,26.0,0.0,30.5,0.445
2020-02-18T12:00,8.0,0.0,26.9,0.445
2020-02-19T12:00,0.0,0.0,26.5,0.444
2020-02-20T12:00,9.4,0.0,26.0,0.444
2020-02-21T12:00,32.5,0.0,26.5,0.444
2020-02-22T12:00,33.0,0.0,26.8,0.444
2020-02-23T12:00,35.1,0.0,27.0,0.444
2020-02-24T12:00,30.0,0.0,27.1,0.443
2020-02-25T12:00,21.6,0.0,26.9,0.443
2020-02-26T12:00,18.7,0.0,30.4,0.442
2020-02-27T12:00,15.3,0.0,29.2,0.442
2020-02-28T12:00,21.1,0.0,30.1,0.441
2020-02-29T12:00,36.0,0.0,30.3,0.44
2020-03-01T12:00,36.8,0.0,27.2,0.449
2020-03-02T12:00,30.3,0.0,30.2,0.455
2020-03-03T12:00,35.1,0.0,29.7,0.452
2020-03-04T12:00,34.1,0.0,29.7,0.46
2020-03-05T12:00,34.6,0.0,29.5,0.489
2020-03-06T12:00,31.2,0.0,29.9,0.483
2020-03-07T12:00,40.4,0.0,29.5,0.5
2020-03-08T12:00,38.5,0.0,29.5,0.514
2020-03-09T12:00,16.9,0.0,27.5,0.499
2020-03-10T12:00,28.1,0.0,31.2,0.487
2020-03-11T12:00,40.3,0.0,30.6,0.497
2020-03-12T12:00,36.8,0.016,30.9,0.519
2020-03-13T12:00,24.3,0.0,31.1,0.494
2020-03-14T12:00,20.3,0.0,29.0,0.49
2020-03-15T12:00,30.4,0.0,29.7,0.485
2020-03-16T12:00,27.2,0.0,29.0,0.482
2020-03-17T12:00,30.8,0.0,28.2,0.479
2020-03-18T12:00,34.3,0.0,30.4,0.486
2020-03-19T12:00,17.3,0.0,27.4,0.485
2020-03-20T12:00,15.3,0.0,26.4,0.48
2020-03-21T12:00,26.9,0.0,27.0,0.477
2020-03-22T12:00,38.1,0.0,31.5,0.49
2020-03-23T12:00,38.6,0.0,29.5,0.496
2020-03-24T12:00,44.9,0.0,31.6,0.516
2020-03-25T12:00,31.5,0.0,31.5,0.497
2020-03-26T12:00,40.6,0.0,35.7,0.491
2020-03-27T12:00,49.9,0.0,36.7,0.502
2020-03-28T12:00,48.4,0.0,38.6,0.502
2020-03-29T12:00,51.0,0.0,39.9,0.493
2020-03-30T12:00,55.9,0.0,42.3,0.49
2020-03-31T12:00,54.2,0.0,43.0,0.483
2020-04-01T12:00,53.2,0.0,43.1,0.475
2020-04-02T12:00,23.9,0.008,32.3,0.489
2020-04-03T12:00,20.6,0.0,28.7,0.48
2020-04-04T12:00,36.6,0.0,28.1,0.475
2020-04-05T12:00,47.7,0.0,34.7,0.478
2020-04-06T12:00,58.1,0.0,43.6,0.503
2020-04-07T12:00,47.6,0.059,43.1,0.507
2020-04-08T12:00,46.7,0.004,41.6,0.483
2020-04-09T12:00,36.2,0.0,33.1,0.475
2020-04-10T12:00,43.2,0.0,38.5,0.468
2020-04-11T12:00,40.5,0.0,38.7,0.465
2020-04-12T12:00,31.5,0.0,34.1,0.458
2020-04-13T12:00,29.5,0.0,32.1,0.462
2020-04-14T12:00,29.0,0.0,28.6,0.46
2020-04-15T12:00,36.4,0.0,30.5,0.46
2020-04-16T12:00,44.2,0.0,30.7,0.459
2020-04-17T12:00,48.5,0.0,35.3,0.448
2020-04-18T12:00,51.9,0.0,44.3,0.442
2020-04-19T12:00,40.8,0.0,40.2,0.433
2020-04-20T12:00,49.3,0.02,45.0,0.423
2020-04-21T12:00,35.5,0.0,37.3,0.416
2020-04-22T12:00,57.3,0.008,49.4,0.417
2020-04-23T12:00,60.2,0.0,54.0,0.396
2020-04-24T12:00,61.3,0.0,55.0,0.393
2020-04-25T12:00,53.9,0.016,50.1,0.378
2020-04-26T12:00,61.2,0.0,55.3,0.365
2020-04-27T12:00,65.6,0.0,57.8,0.354
2020-04-28T12:00,60.1,0.0,56.6,0.358
2020-04-29T12:00,60.2,0.0,55.3,0.381
2020-04-30T12:00,65.3,0.0,56.8,0.367
2020-05-01T12:00,61.9,0.102,57.0,0.376
2020-05-02T12:00,64.9,0.0,59.2,0.366
2020-05-03T12:00,47.7,0.0,51.7,0.349
2020-05-04T12:00,50.3,0.0,48.5,0.337
2020-05-05T12:00,44.5,0.067,43.7,0.476
2020-05-06T12:00,60.6,0.0,54.1,0.437
2020-05-07T12:00,50.4,0.0,51.0,0.412
2020-05-08T12:00,46.9,0.0,48.7,0.391
2020-05-09T12:00,38.1,0.118,40.2,0.43
2020-05-10T12:00,45.4,0.0,44.7,0.445
2020-05-11T12:00,43.9,0.0,45.8,0.424
2020-05-12T12:00,48.0,0.0,44.1,0.408
2020-05-13T12:00,52.6,0.016,47.0,0.389
2020-05-14T12:00,64.7,0.0,57.4,0.411
2020-05-15T12:00,61.6,0.0,58.2,0.388
2020-05-16T12:00,66.7,0.0,60.7,0.36
2020-05-17T12:00,67.1,0.0,63.0,0.342
2020-05-18T12:00,69.9,0.0,64.3,0.319
2020-05-19T12:00,69.3,0.0,66.5,0.298
2020-05-20T12:00,72.3,0.0,67.7,0.284
2020-05-21T12:00,69.4,0.0,66.5,0.292
2020-05-22T12:00,71.8,0.004,66.5,0.318
2020-05-23T12:00,73.0,0.0,70.1,0.307
2020-05-24T12:00,67.5,0.012,64.5,0.306
2020-05-25T12:00,71.6,0.0,70.5,0.301
2020-05-26T12:00,70.5,0.043,67.5,0.307
2020-05-27T12:00,80.9,0.0,74.7,0.301
2020-05-28T12:00,65.7,0.0,68.3,0.289
2020-05-29T12:00,62.0,0.0,63.8,0.285
2020-05-30T12:00,63.4,0.0,66.2,0.28
2020-05-31T12:00,75.5,0.0,69.9,0.272
2020-06-01T12:00,88.1,0.0,82.4,0.259
2020-06-02T12:00,84.3,0.008,79.6,0.259
2020-06-03T12:00,82.2,0.0,81.7,0.255
2020-06-04T12:00,81.3,0.0,81.3,0.254
2020-06-05T12:00,77.6,0.0,77.1,0.275
2020-06-06T12:00,76.6,0.0,74.4,0.275
2020-06-07T12:00,91.2,0.016,82.2,0.281
2020-06-08T12:00,89.1,0.0,81.2,0.43
2020-06-09T12:00,62.4,0.26,64.4,0.497
2020-06-10T12:00,69.7,0.0,67.7,0.44
2020-06-11T12:00,73.7,0.0,70.1,0.403
2020-06-12T12:00,69.8,0.0,69.8,0.373
2020-06-13T12:00,72.4,0.0,71.0,0.337
2020-06-14T12:00,78.2,0.0,73.7,0.312
2020-06-15T12:00,90.2,0.0,82.8,0.292
2020-06-16T12:00,90.8,0.0,84.0,0.285
2020-06-17T12:00,90.7,0.0,86.4,0.279
2020-06-18T12:00,75.0,0.004,77.5,0.459
2020-06-19T12:00,68.5,0.0,72.2,0.421
2020-06-20T12:00,73.9,0.004,71.9,0.396
2020-06-21T12:00,66.4,0.0,67.7,0.448
2020-06-22T12:00,68.4,0.0,69.5,0.418
2020-06-23T12:00,71.8,0.0,71.3,0.399
2020-06-24T12:00,76.7,0.0,74.6,0.371
2020-06-25T12:00,84.4,0.0,76.6,0.344
2020-06-26T12:00,81.4,0.0,78.2,0.344
2020-06-27T12:00,84.8,0.0,79.7,0.326
2020-06-28T12:00,87.7,0.0,82.3,0.307
2020-06-29T12:00,85.8,0.0,83.5,0.295
2020-06-30T12:00,87.1,0.0,82.7,0.293
2020-07-01T12:00,80.2,0.0,80.1,0.439
2020-07-02T12:00,87.6,0.0,82.5,0.398
2020-07-03T12:00,88.1,0.0,84.4,0.377
2020-07-04T12:00,89.0,0.0,84.4,0.343
2020-07-05T12:00,87.9,0.0,85.3,0.331
2020-07-06T12:00,81.3,0.055,80.0,0.345
2020-07-07T12:00,84.5,0.0,82.5,0.313
2020-07-08T12:00,86.0,0.004,84.5,0.31
2020-07-09T12:00,79.8,0.0,80.6,0.306
2020-07-10T12:00,78.8,0.0,80.4,0.298
2020-07-11T12:00,73.9,0.008,75.8,0.303
2020-07-12T12:00,81.3,0.0,79.7,0.306
2020-07-13T12:00,85.1,0.0,79.7,0.294
2020-07-14T12:00,75.6,0.024,75.6,0.304
2020-07-15T12:00,81.1,0.0,77.8,0.296
2020-07-16T12:00,83.2,0.0,80.7,0.29
2020-07-17T12:00,91.4,0.0,83.1,0.283
2020-07-18T12:00,81.9,0.0,79.3,0.437
2020-07-19T12:00,74.9,0.0,75.3,0.399
2020-07-20T12:00,77.0,0.0,77.0,0.366
2020-07-21T12:00,72.4,0.0,73.5,0.424
2020-07-22T12:00,73.4,0.0,72.6,0.386
2020-07-23T12:00,78.9,0.0,75.3,0.363
2020-07-24T12:00,90.4,0.0,83.8,0.336
2020-07-25T12:00,84.1,0.008,80.3,0.457
2020-07-26T12:00,77.3,0.0,78.2,0.415
2020-07-27T12:00,78.4,0.0,76.5,0.377
2020-07-28T12:00,80.0,0.0,77.3,0.349
2020-07-29T12:00,78.6,0.0,77.4,0.324
2020-07-30T12:00,79.7,0.0,79.2,0.311
2020-07-31T12:00,83.6,0.0,79.5,0.299
2020-08-01T12:00,76.4,0.0,76.3,0.298
2020-08-02T12:00,72.9,0.004,74.6,0.295
2020-08-03T12:00,74.2,0.0,74.8,0.29
2020-08-04T12:00,75.4,0.0,74.8,0.287
2020-08-05T12:00,74.7,0.004,74.4,0.29
2020-08-06T12:00,77.3,0.0,75.9,0.288
2020-08-07T12:00,79.7,0.0,75.5,0.288
2020-08-08T12:00,80.5,0.0,78.9,0.327
2020-08-09T12:00,84.0,0.0,80.9,0.339
2020-08-10T12:00,74.6,0.0,71.3,0.441
2020-08-11T12:00,79.1,0.0,73.8,0.405
2020-08-12T12:00,79.5,0.0,75.1,0.381
2020-08-13T12:00,83.7,0.0,78.6,0.364
2020-08-14T12:00,69.6,0.701,70.3,0.509
2020-08-15T12:00,73.2,0.0,69.6,0.476
2020-08-16T12:00,77.9,0.0,72.8,0.454
2020-08-17T12:00,74.4,0.0,71.4,0.428
2020-08-18T12:00,78.2,0.0,72.5,0.407
2020-08-19T12:00,81.7,0.0,76.2,0.382
2020-08-20T12:00,81.4,0.0,77.2,0.377
2020-08-21T12:00,81.5,0.0,78.4,0.376
2020-08-22T12:00,83.6,0.0,78.5,0.366
2020-08-23T12:00,83.2,0.0,77.3,0.353
2020-08-24T12:00,76.1,0.0,74.6,0.464
2020-08-25T12:00,82.9,0.0,76.0,0.422
2020-08-26T12:00,80.4,0.004,76.9,0.408
2020-08-27T12:00,76.3,0.0,73.7,0.399
2020-08-28T12:00,72.7,0.004,71.8,0.477
2020-08-29T12:00,69.7,0.0,69.7,0.45
2020-08-30T12:00,73.8,0.0,69.3,0.425
2020-08-31T12:00,66.6,0.0,65.6,0.476
2020-09-01T12:00,65.1,0.0,62.7,0.459
2020-09-02T12:00,71.0,0.0,66.4,0.446
2020-09-03T12:00,62.1,0.0,64.2,0.425
2020-09-04T12:00,68.5,0.0,63.8,0.415
2020-09-05T12:00,72.2,0.0,66.5,0.389
2020-09-06T12:00,73.6,0.0,68.7,0.366
2020-09-07T12:00,52.5,0.0,58.2,0.361
2020-09-08T12:00,49.7,0.0,54.1,0.366
2020-09-09T12:00,53.4,0.0,55.5,0.377
2020-09-10T12:00,61.6,0.0,57.0,0.369
2020-09-11T12:00,62.0,0.0,59.2,0.339
2020-09-12T12:00,59.2,0.146,59.2,0.446
2020-09-13T12:00,63.5,0.0,61.8,0.41
2020-09-14T12:00,66.6,0.0,60.2,0.398
2020-09-15T12:00,72.1,0.0,68.2,0.387
2020-09-16T12:00,58.3,0.0,61.2,0.381
2020-09-17T12:00,59.1,0.0,58.9,0.37
2020-09-18T12:00,62.0,0.0,59.3,0.357
2020-09-19T12:00,69.0,0.0,63.4,0.334
2020-09-20T12:00,76.4,0.0,68.7,0.323
2020-09-21T12:00,76.0,0.0,69.2,0.315
2020-09-22T12:00,78.1,0.0,68.4,0.298
2020-09-23T12:00,71.2,0.0,68.3,0.268
2020-09-24T12:00,70.9,0.0,67.9,0.282
2020-09-25T12:00,71.0,0.0,67.3,0.309
2020-09-26T12:00,67.1,0.02,63.8,0.315
2020-09-27T12:00,57.4,0.13,58.8,0.373
2020-09-28T12:00,56.6,0.008,56.5,0.381
2020-09-29T12:00,66.5,0.0,60.3,0.379
2020-09-30T12:00,59.1,0.0,59.2,0.364
2020-10-01T12:00,47.4,0.0,51.7,0.362
2020-10-02T12:00,47.4,0.0,49.1,0.359
2020-10-03T12:00,49.0,0.0,50.5,0.354
2020-10-04T12:00,54.5,0.0,43.2,0.335
2020-10-05T12:00,62.9,0.016,57.9,0.325
2020-10-06T12:00,71.7,0.0,61.5,0.31
2020-10-07T12:00,63.7,0.0,60.4,0.309
2020-10-08T12:00,62.5,0.0,57.0,0.301
2020-10-09T12:00,71.9,0.0,62.9,0.292
2020-10-10T12:00,55.7,0.0,56.8,0.282
2020-10-11T12:00,69.7,0.0,62.8,0.277
2020-10-12T12:00,59.5,0.0,57.3,0.348
2020-10-13T12:00,56.4,0.0,56.1,0.342
2020-10-14T12:00,52.5,0.004,55.5,0.338
2020-10-15T12:00,46.5,0.008,46.2,0.328
2020-10-16T12:00,41.1,0.0,44.0,0.336
2020-10-17T12:00,41.3,0.0,42.7,0.34
2020-10-18T12:00,33.4,0.0,38.5,0.347
2020-10-19T12:00,34.0,0.0,39.5,0.344
2020-10-20T12:00,34.1,0.0,36.8,0.344
2020-10-21T12:00,32.1,0.0,37.7,0.353
2020-10-22T12:00,31.3,0.0,36.8,0.352
2020-10-23T12:00,27.8,0.0,37.0,0.352
2020-10-24T12:00,28.0,0.0,35.1,0.348
2020-10-25T12:00,29.5,0.0,35.0,0.352
2020-10-26T12:00,28.7,0.0,31.3,0.346
2020-10-27T12:00,26.9,0.0,27.7,0.346
2020-10-28T12:00,47.3,0.0,35.9,0.369
2020-10-29T12:00,33.0,0.0,32.7,0.374
2020-10-30T12:00,41.0,0.0,37.5,0.375
2020-10-31T12:00,46.9,0.0,31.9,0.38
2020-11-01T12:00,33.7,0.0,29.2,0.374
2020-11-02T12:00,55.6,0.0,29.2,0.372
2020-11-03T12:00,62.4,0.0,46.9,0.354
2020-11-04T12:00,63.9,0.0,48.9,0.338
2020-11-05T12:00,55.2,0.0,49.0,0.317
2020-11-06T12:00,61.1,0.0,52.8,0.31
2020-11-07T12:00,44.2,0.0,45.2,0.306
2020-11-08T12:00,65.7,0.0,57.1,0.308
2020-11-09T12:00,30.0,0.0,39.9,0.298
2020-11-10T12:00,30.5,0.0,28.3,0.298
2020-11-11T12:00,40.2,0.0,28.1,0.297
2020-11-12T12:00,25.6,0.0,27.7,0.297
2020-11-13T12:00,37.6,0.0,27.9,0.297
2020-11-14T12:00,42.4,0.0,30.0,0.297
2020-11-15T12:00,31.6,0.0,29.3,0.297
2020-11-16T12:00,30.4,0.0,27.9,0.297
2020-11-17T12:00,30.1,0.0,27.4,0.297
2020-11-18T12:00,47.6,0.0,28.7,0.297
2020-11-19T12:00,40.4,0.0,37.6,0.297
2020-11-20T12:00,29.2,0.0,31.6,0.314
2020-11-21T12:00,40.2,0.0,28.0,0.314
2020-11-22T12:00,35.0,0.0,30.5,0.32
2020-11-23T12:00,33.9,0.0,27.8,0.319
2020-11-24T12:00,36.3,0.0,29.5,0.32
2020-11-25T12:00,33.0,0.0,28.7,0.32
2020-11-26T12:00,39.1,0.0,28.3,0.319
2020-11-27T12:00,34.8,0.0,27.8,0.319
2020-11-28T12:00,44.0,0.0,28.2,0.319
2020-11-29T12:00,31.1,0.0,31.5,0.318
2020-11-30T12:00,32.4,0.0,27.5,0.318
2020-12-01T12:00,36.8,0.0,27.8,0.318
2020-12-02T12:00,38.4,0.0,28.2,0.317
2020-12-03T12:00,42.6,0.0,28.1,0.317
2020-12-04T12:00,37.6,0.0,28.0,0.317
2020-12-05T12:00,42.5,0.0,28.2,0.317
2020-12-06T12:00,40.4,0.0,28.1,0.317
2020-12-07T12:00,41.2,0.0,27.9,0.317
2020-12-08T12:00,46.7,0.0,28.3,0.316
2020-12-09T12:00,42.1,0.0,28.2,0.316
2020-12-10T12:00,38.9,0.0,33.0,0.315
2020-12-11T12:00,30.5,0.0,30.5,0.315
2020-12-12T12:00,25.6,0.0,27.4,0.314
2020-12-13T12:00,25.9,0.0,27.4,0.314
2020-12-14T12:00,9.6,0.0,22.5,0.314
2020-12-15T12:00,25.1,0.0,26.9,0.314
2020-12-16T12:00,30.3,0.0,27.4,0.314
2020-12-17T12:00,32.3,0.0,27.7,0.314
2020-12-18T12:00,36.2,0.0,27.9,0.314
2020-12-19T12:00,24.2,0.0,24.8,0.314
2020-12-20T12:00,33.3,0.0,27.4,0.314
2020-12-21T12:00,30.8,0.0,27.6,0.315
2020-12-22T12:00,36.8,0.0,27.8,0.315
2020-12-23T12:00,9.4,0.0,22.4,0.315
2020-12-24T12:00,4.3,0.0,16.9,0.315
2020-12-25T12:00,32.7,0.0,20.8,0.315
2020-12-26T12:00,23.7,0.0,22.9,0.315
2020-12-27T12:00,20.1,0.0,23.7,0.315
2020-12-28T12:00,13.6,0.0,21.5,0.315
2020-12-29T12:00,24.8,0.0,21.0,0.315
2020-12-30T12:00,21.3,0.0,23.9,0.315
2020-12-31T12:00,21.2,0.0,23.6,0.315
2021-01-01T12:00,27.2,0.0,24.8,0.315
2021-01-02T12:00,30.0,0.0,25.6,0.315
2021-01-03T12:00,32.1,0.0,25.9,0.315
2021-01-04T12:00,37.0,0.0,27.8,0.321
2021-01-05T12:00,26.0,0.0,25.7,0.325
2021-01-06T12:00,33.4,0.0,27.9,0.325
2021-01-07T12:00,27.8,0.0,28.8,0.327
2021-01-08T12:00,27.8,0.0,27.6,0.327
2021-01-09T12:00,30.8,0.0,31.4,0.326
2021-01-10T12:00,28.5,0.0,26.9,0.327
2021-01-11T12:00,30.9,0.0,27.2,0.327
2021-01-12T12:00,35.7,0.0,27.2,0.327
2021-01-13T12:00,37.8,0.0,30.6,0.34
2021-01-14T12:00,35.0,0.004,30.5,0.401
2021-01-15T12:00,28.8,0.0,28.3,0.397
2021-01-16T12:00,24.4,0.0,26.9,0.395
2021-01-17T12:00,29.9,0.0,27.5,0.394
2021-01-18T12:00,18.1,0.0,26.9,0.392
2021-01-19T12:00,10.2,0.0,24.6,0.391
2021-01-20T12:00,41.1,0.0,27.5,0.397
2021-01-21T12:00,20.7,0.0,26.8,0.405
2021-01-22T12:00,20.4,0.0,23.0,0.404
2021-01-23T12:00,29.3,0.0,24.9,0.404
2021-01-24T12:00,11.2,0.0,20.6,0.404
2021-01-25T12:00,11.8,0.0,17.9,0.404
2021-01-26T12:00,5.5,0.0,15.7,0.404
2021-01-27T12:00,3.5,0.0,11.7,0.404
2021-01-28T12:00,19.5,0.0,17.9,0.404
2021-01-29T12:00,24.6,0.0,23.4,0.404
2021-01-30T12:00,26.7,0.0,26.3,0.404
2021-01-31T12:00,28.8,0.0,27.6,0.404
2021-02-01T12:00,28.5,0.0,30.7,0.402
2021-02-02T12:00,27.3,0.0,29.9,0.402
2021-02-03T12:00,30.7,0.0,27.4,0.403
2021-02-04T12:00,15.5,0.0,24.1,0.402
2021-02-05T12:00,9.8,0.0,18.3,0.402
2021-02-06T12:00,-4.9,0.0,9.5,0.402
2021-02-07T12:00,-7.1,0.0,5.3,0.402
2021-02-08T12:00,-1.2,0.0,5.3,0.402
2021-02-09T12:00,2.9,0.0,7.8,0.402
2021-02-10T12:00,0.4,0.0,8.0,0.402
2021-02-11T12:00,-4.7,0.0,6.7,0.402
2021-02-12T12:00,-5.8,0.0,4.2,0.402
2021-02-13T12:00,-7.2,0.0,3.2,0.402
2021-02-14T12:00,-7.0,0.0,1.9,0.402
2021-02-15T12:00,1.7,0.0,4.7,0.402
2021-02-16T12:00,2.9,0.0,6.9,0.402
2021-02-17T12:00,10.7,0.0,13.4,0.402
2021-02-18T12:00,16.8,0.0,17.0,0.402
2021-02-19T12:00,20.7,0.0,19.5,0.402
2021-02-20T12:00,30.9,0.0,22.9,0.402
2021-02-21T12:00,39.2,0.0,27.6,0.403
2021-02-22T12:00,46.2,0.008,28.4,0.409
2021-02-23T12:00,39.7,0.0,30.4,0.408
2021-02-24T12:00,31.4,0.0,27.7,0.408
2021-02-25T12:00,38.8,0.0,27.8,0.406
2021-02-26T12:00,44.9,0.0,30.5,0.408
2021-02-27T12:00,21.1,0.0,26.9,0.41
2021-02-28T12:00,24.2,0.0,27.1,0.409
2021-03-01T12:00,16.7,0.0,26.4,0.408
2021-03-02T12:00,52.8,0.0,28.5,0.412
2021-03-03T12:00,40.4,0.004,28.8,0.417
2021-03-04T12:00,49.3,0.0,31.2,0.409
2021-03-05T12:00,47.2,0.0,32.6,0.399
2021-03-06T12:00,48.3,0.0,31.0,0.389
2021-03-07T12:00,56.0,0.0,31.6,0.385
2021-03-08T12:00,54.5,0.0,32.6,0.375
2021-03-09T12:00,62.3,0.0,45.3,0.36
2021-03-10T12:00,35.0,0.0,32.0,0.356
2021-03-11T12:00,43.9,0.0,29.9,0.357
2021-03-12T12:00,35.1,0.0,28.1,0.358
2021-03-13T12:00,55.9,0.0,31.0,0.359
2021-03-14T12:00,45.2,0.0,31.7,0.356
2021-03-15T12:00,35.0,0.0,31.4,0.355
2021-03-16T12:00,34.8,0.0,33.5,0.352
2021-03-17T12:00,42.3,0.0,39.2,0.352
2021-03-18T12:00,48.1,0.0,29.7,0.359
2021-03-19T12:00,51.1,0.0,40.1,0.349
2021-03-20T12:00,59.3,0.0,42.7,0.339
2021-03-21T12:00,50.3,0.008,44.5,0.33
2021-03-22T12:00,47.0,0.0,31.0,0.339
2021-03-23T12:00,51.7,0.0,43.3,0.324
2021-03-24T12:00,42.3,0.0,32.4,0.32
2021-03-25T12:00,52.1,0.0,29.9,0.317
2021-03-26T12:00,45.9,0.031,41.0,0.319
2021-03-27T12:00,44.4,0.0,42.8,0.341
2021-03-28T12:00,43.0,0.0,29.6,0.34
2021-03-29T12:00,66.0,0.0,50.0,0.332
2021-03-30T12:00,28.8,0.0,31.2,0.315
2021-03-31T12:00,29.7,0.0,28.2,0.315
2021-04-01T12:00,47.6,0.0,28.9,0.315
2021-04-02T12:00,60.2,0.0,46.5,0.313
2021-04-03T12:00,62.6,0.0,32.1,0.298
2021-04-04T12:00,61.1,0.0,53.0,0.259
2021-04-05T12:00,64.0,0.0,55.7,0.239
2021-04-06T12:00,54.7,0.0,51.4,0.21
2021-04-07T12:00,46.9,0.055,44.3,0.229
2021-04-08T12:00,46.2,0.0,44.4,0.395
2021-04-09T12:00,51.1,0.016,44.8,0.456
2021-04-10T12:00,55.0,0.0,50.3,0.416
2021-04-11T12:00,55.7,0.0,51.2,0.395
2021-04-12T12:00,36.4,0.059,38.7,0.408
2021-04-13T12:00,30.5,0.0,31.7,0.398
2021-04-14T12:00,35.9,0.0,31.7,0.39
2021-04-15T12:00,43.9,0.0,41.3,0.392
2021-04-16T12:00,43.9,0.0,41.4,0.392
2021-04-17T12:00,54.9,0.0,48.6,0.375
2021-04-18T12:00,41.5,0.012,45.2,0.348
2021-04-19T12:00,37.3,0.0,37.1,0.36
2021-04-20T12:00,38.6,0.0,30.9,0.355
2021-04-21T12:00,47.6,0.0,31.3,0.35
2021-04-22T12:00,58.5,0.0,41.4,0.329
2021-04-23T12:00,40.5,0.008,43.1,0.318
2021-04-24T12:00,43.6,0.0,31.9,0.321
2021-04-25T12:00,39.2,0.004,39.8,0.305
2021-04-26T12:00,51.3,0.063,46.4,0.344
2021-04-27T12:00,58.6,0.0,52.6,0.324
2021-04-28T12:00,67.2,0.004,58.4,0.314
2021-04-29T12:00,60.8,0.0,56.7,0.306
2021-04-30T12:00,54.8,0.0,53.0,0.296
2021-05-01T12:00,81.0,0.0,68.0,0.281
2021-05-02T12:00,76.3,0.0,68.8,0.253
2021-05-03T12:00,58.1,0.0,56.5,0.307
2021-05-04T12:00,50.7,0.0,53.0,0.302
2021-05-05T12:00,52.3,0.004,52.2,0.296
2021-05-06T12:00,63.0,0.0,56.3,0.298
2021-05-07T12:00,52.4,0.0,54.0,0.29
2021-05-08T12:00,55.9,0.0,52.3,0.274
2021-05-09T12:00,57.6,0.0,55.7,0.27
2021-05-10T12:00,55.5,0.0,56.4,0.264
2021-05-11T12:00,61.1,0.0,59.8,0.25
2021-05-12T12:00,68.6,0.0,62.9,0.248
2021-05-13T12:00,70.3,0.0,64.9,0.248
2021-05-14T12:00,69.4,0.02,66.9,0.258
2021-05-15T12:00,71.7,0.0,67.4,0.273
2021-05-16T12:00,78.3,0.0,71.5,0.269
2021-05-17T12:00,79.7,0.0,75.6,0.266
2021-05-18T12:00,77.3,0.0,73.7,0.255
2021-05-19T12:00,83.2,0.004,77.3,0.254
2021-05-20T12:00,69.8,0.354,67.7,0.443
2021-05-21T12:00,80.1,0.039,72.0,0.44
2021-05-22T12:00,59.9,0.0,65.3,0.402
2021-05-23T12:00,63.8,0.106,62.1,0.414
2021-05-24T12:00,78.4,0.0,72.6,0.37
2021-05-25T12:00,75.5,0.0,73.3,0.336
2021-05-26T12:00,51.0,0.0,58.4,0.324
2021-05-27T12:00,52.1,0.004,55.0,0.318
2021-05-28T12:00,60.8,0.0,60.6,0.313
2021-05-29T12:00,62.2,0.012,60.3,0.3
2021-05-30T12:00,74.4,0.0,69.1,0.3
2021-05-31T12:00,68.4,0.0,69.6,0.287
2021-06-01T12:00,79.3,0.0,74.0,0.273
2021-06-02T12:00,85.6,0.0,79.1,0.26
2021-06-03T12:00,89.6,0.0,79.3,0.252
2021-06-04T12:00,97.7,0.0,87.2,0.245
2021-06-05T12:00,94.7,0.0,88.1,0.244
2021-06-06T12:00,91.7,0.0,89.9,0.252
2021-06-07T12:00,87.4,0.0,84.9,0.248
2021-06-08T12:00,89.7,0.0,85.9,0.306
2021-06-09T12:00,89.9,0.0,85.9,0.304
2021-06-10T12:00,88.5,0.0,86.3,0.296
2021-06-11T12:00,76.1,0.004,77.0,0.46
2021-06-12T12:00,78.2,0.0,74.9,0.431
2021-06-13T12:00,81.8,0.0,76.7,0.395
2021-06-14T12:00,81.2,0.0,77.7,0.366
2021-06-15T12:00,78.9,0.0,77.3,0.342
2021-06-16T12:00,85.8,0.0,78.7,0.324
2021-06-17T12:00,83.0,0.0,80.0,0.318
2021-06-18T12:00,81.7,0.0,78.6,0.312
2021-06-19T12:00,74.3,0.0,76.2,0.302
2021-06-20T12:00,59.8,0.835,62.0,0.509
2021-06-21T12:00,61.0,0.0,64.0,0.434
2021-06-22T12:00,71.8,0.0,67.6,0.413
2021-06-23T12:00,84.8,0.0,74.7,0.372
2021-06-24T12:00,79.5,0.0,77.3,0.355
2021-06-25T12:00,78.7,0.0,75.5,0.339
2021-06-26T12:00,71.5,0.031,70.4,0.423
2021-06-27T12:00,77.9,0.008,77.2,0.402
2021-06-28T12:00,74.4,0.004,74.1,0.446
2021-06-29T12:00,78.4,0.0,75.3,0.41
2021-06-30T12:00,83.0,0.0,78.7,0.379
2021-07-01T12:00,85.8,0.0,80.9,0.353
2021-07-02T12:00,87.2,0.0,81.8,0.337
2021-07-03T12:00,88.0,0.0,81.8,0.328
2021-07-04T12:00,89.7,0.0,85.3,0.316
2021-07-05T12:00,86.3,0.0,84.9,0.305
2021-07-06T12:00,64.5,0.169,66.9,0.463
2021-07-07T12:00,67.7,0.0,68.8,0.43
2021-07-08T12:00,72.7,0.0,71.5,0.405
2021-07-09T12:00,75.9,0.0,73.5,0.397
2021-07-10T12:00,79.7,0.0,76.4,0.375
2021-07-11T12:00,83.8,0.0,77.6,0.35
2021-07-12T12:00,83.2,0.0,77.7,0.334
2021-07-13T12:00,80.2,0.0,78.4,0.321
2021-07-14T12:00,80.8,0.0,77.8,0.311
2021-07-15T12:00,82.6,0.0,78.8,0.302
2021-07-16T12:00,82.5,0.0,78.7,0.301
2021-07-17T12:00,83.1,0.0,79.2,0.296
2021-07-18T12:00,85.4,0.0,81.3,0.288
2021-07-19T12:00,89.9,0.0,85.4,0.281
2021-07-20T12:00,85.7,0.0,82.4,0.275
2021-07-21T12:00,84.2,0.008,80.0,0.275
2021-07-22T12:00,86.6,0.0,86.0,0.273
2021-07-23T12:00,92.7,0.0,89.1,0.274
2021-07-24T12:00,87.1,0.0,83.8,0.275
2021-07-25T12:00,87.3,0.0,82.6,0.275
2021-07-26T12:00,89.1,0.0,84.5,0.267
2021-07-27T12:00,85.5,0.0,83.7,0.266
2021-07-28T12:00,93.2,0.0,88.3,0.266
2021-07-29T12:00,80.0,0.0,80.9,0.268
2021-07-30T12:00,80.2,0.0,78.5,0.264
2021-07-31T12:00,81.8,0.0,80.8,0.264
2021-08-01T12:00,76.6,0.0,77.9,0.266
2021-08-02T12:00,83.0,0.0,80.6,0.26
2021-08-03T12:00,86.6,0.0,82.9,0.257
2021-08-04T12:00,83.2,0.0,81.2,0.261
2021-08-05T12:00,81.2,0.0,79.6,0.287
2021-08-06T12:00,76.0,0.0,77.5,0.292
2021-08-07T12:00,82.0,0.016,78.6,0.288
2021-08-08T12:00,81.8,0.0,80.1,0.3
2021-08-09T12:00,87.6,0.0,83.3,0.289
2021-08-10T12:00,79.0,0.0,76.8,0.421
2021-08-11T12:00,76.8,0.0,75.4,0.38
2021-08-12T12:00,72.3,0.0,73.7,0.346
2021-08-13T12:00,74.6,0.0,72.0,0.329
2021-08-14T12:00,86.9,0.0,77.6,0.308
2021-08-15T12:00,87.2,0.0,81.8,0.295
2021-08-16T12:00,89.9,0.0,84.9,0.285
2021-08-17T12:00,93.4,0.0,87.8,0.273
2021-08-18T12:00,92.6,0.0,87.2,0.29
2021-08-19T12:00,90.0,0.0,86.7,0.291
2021-08-20T12:00,75.2,0.559,76.0,0.475
2021-08-21T12:00,69.6,0.0,70.5,0.397
2021-08-22T12:00,73.7,0.02,70.7,0.372
2021-08-23T12:00,77.4,0.0,74.2,0.386
2021-08-24T12:00,82.4,0.0,78.5,0.389
2021-08-25T12:00,71.9,0.0,73.9,0.363
2021-08-26T12:00,68.8,0.35,66.5,0.466
2021-08-27T12:00,71.2,0.008,67.9,0.448
2021-08-28T12:00,77.6,0.106,73.2,0.475
2021-08-29T12:00,75.7,0.0,72.1,0.437
2021-08-30T12:00,75.9,0.0,72.3,0.399
2021-08-31T12:00,77.4,0.0,74.0,0.37
2021-09-01T12:00,76.4,0.0,73.7,0.335
2021-09-02T12:00,63.8,0.39,64.5,0.501
2021-09-03T12:00,72.6,0.0,70.4,0.459
2021-09-04T12:00,74.2,0.0,69.7,0.44
2021-09-05T12:00,71.2,0.0,68.6,0.41
2021-09-06T12:00,78.7,0.0,70.5,0.38
2021-09-07T12:00,73.7,0.0,69.2,0.435
2021-09-08T12:00,71.9,0.0,68.8,0.403
2021-09-09T12:00,72.7,0.0,68.5,0.382
2021-09-10T12:00,79.1,0.0,72.2,0.36
2021-09-11T12:00,69.0,0.0,70.6,0.341
2021-09-12T12:00,67.7,0.0,69.4,0.335
2021-09-13T12:00,69.4,0.0,66.8,0.321
2021-09-14T12:00,71.6,0.0,66.5,0.36
2021-09-15T12:00,69.8,0.0,64.1,0.344
2021-09-16T12:00,67.2,0.0,68.3,0.332
2021-09-17T12:00,65.7,0.0,65.4,0.333
2021-09-18T12:00,72.5,0.0,66.1,0.324
2021-09-19T12:00,82.8,0.0,74.3,0.311
2021-09-20T12:00,62.9,0.071,62.9,0.348
2021-09-21T12:00,64.5,0.0,63.3,0.375
2021-09-22T12:00,71.0,0.0,64.2,0.358
2021-09-23T12:00,70.5,0.0,66.1,0.331
2021-09-24T12:00,62.1,0.0,65.5,0.311
2021-09-25T12:00,68.4,0.0,61.1,0.313
2021-09-26T12:00,78.6,0.0,71.4,0.291
2021-09-27T12:00,75.0,0.0,70.0,0.275
2021-09-28T12:00,86.1,0.0,75.6,0.26
2021-09-29T12:00,84.9,0.0,78.3,0.251
2021-09-30T12:00,77.6,0.0,76.9,0.246
2021-10-01T12:00,68.3,0.028,69.5,0.253
2021-10-02T12:00,68.6,0.0,66.3,0.347
2021-10-03T12:00,73.6,0.0,66.5,0.337
2021-10-04T12:00,75.4,0.0,68.3,0.321
2021-10-05T12:00,78.2,0.0,69.6,0.3
2021-10-06T12:00,75.6,0.0,71.2,0.287
2021-10-07T12:00,76.8,0.0,71.9,0.283
2021-10-08T12:00,66.5,0.213,68.7,0.348
2021-10-09T12:00,61.2,0.213,62.0,0.474
2021-10-10T12:00,61.4,0.031,62.2,0.486
2021-10-11T12:00,63.8,0.0,59.5,0.477
2021-10-12T12:00,53.9,0.0,54.6,0.465
2021-10-13T12:00,56.7,0.252,55.3,0.517
2021-10-14T12:00,50.8,0.0,53.3,0.48
2021-10-15T12:00,48.3,0.008,49.1,0.464
2021-10-16T12:00,56.3,0.0,51.5,0.451
2021-10-17T12:00,60.6,0.0,53.2,0.432
2021-10-18T12:00,68.3,0.0,57.9,0.415
2021-10-19T12:00,51.7,0.0,53.5,0.391
2021-10-20T12:00,43.6,0.0,48.0,0.389
2021-10-21T12:00,41.3,0.0,45.0,0.387
2021-10-22T12:00,43.8,0.0,46.1,0.38
2021-10-23T12:00,47.3,0.0,45.4,0.373
2021-10-24T12:00,44.6,0.012,43.3,0.375
2021-10-25T12:00,46.9,0.0,45.6,0.379
2021-10-26T12:00,51.7,0.0,49.4,0.37
2021-10-27T12:00,49.4,0.291,49.2,0.458
2021-10-28T12:00,52.7,0.0,49.5,0.462
2021-10-29T12:00,52.4,0.0,47.9,0.438
2021-10-30T12:00,48.2,0.004,48.2,0.425
2021-10-31T12:00,40.8,0.0,42.3,0.421
2021-11-01T12:00,40.7,0.0,41.9,0.406
2021-11-02T12:00,39.3,0.0,40.9,0.398
2021-11-03T12:00,42.9,0.0,30.7,0.399
2021-11-04T12:00,46.7,0.0,31.3,0.399
2021-11-05T12:00,54.8,0.0,47.3,0.39
2021-11-06T12:00,56.6,0.0,50.0,0.382
2021-11-07T12:00,53.4,0.0,49.4,0.357
2021-11-08T12:00,49.9,0.0,46.9,0.355
2021-11-09T12:00,49.4,0.0,43.7,0.352
2021-11-10T12:00,44.2,0.059,43.6,0.345
2021-11-11T12:00,36.2,0.0,39.5,0.442
2021-11-12T12:00,30.2,0.0,34.8,0.437
2021-11-13T12:00,26.8,0.0,33.5,0.422
2021-11-14T12:00,24.6,0.0,33.5,0.416
2021-11-15T12:00,31.2,0.0,33.1,0.411
2021-11-16T12:00,38.8,0.0,37.5,0.429
2021-11-17T12:00,34.6,0.0,36.8,0.425
2021-11-18T12:00,29.2,0.0,31.8,0.418
2021-11-19T12:00,41.6,0.0,32.1,0.413
2021-11-20T12:00,36.9,0.0,32.4,0.41
2021-11-21T12:00,23.7,0.0,32.4,0.405
2021-11-22T12:00,33.2,0.0,28.0,0.402
2021-11-23T12:00,45.8,0.0,28.7,0.4
2021-11-24T12:00,27.6,0.0,29.9,0.399
2021-11-25T12:00,16.9,0.0,26.7,0.398
2021-11-26T12:00,35.6,0.0,28.0,0.397
2021-11-27T12:00,41.7,0.0,30.0,0.397
2021-11-28T12:00,34.6,0.0,28.0,0.396
2021-11-29T12:00,44.2,0.0,35.5,0.398
2021-11-30T12:00,38.5,0.0,31.9,0.395
2021-12-01T12:00,46.5,0.028,32.0,0.408
2021-12-02T12:00,41.1,0.0,33.2,0.404
2021-12-03T12:00,36.7,0.0,31.8,0.404
2021-12-04T12:00,33.7,0.0,29.8,0.4
2021-12-05T12:00,30.5,0.0,30.6,0.398
2021-12-06T12:00,0.8,0.0,25.1,0.396
2021-12-07T12:00,14.6,0.0,26.9,0.395
2021-12-08T12:00,17.7,0.0,26.8,0.393
2021-12-09T12:00,34.1,0.0,28.2,0.392
2021-12-10T12:00,26.6,0.0,27.5,0.391
2021-12-11T12:00,27.9,0.0,27.4,0.391
2021-12-12T12:00,37.2,0.0,27.8,0.39
2021-12-13T12:00,34.2,0.0,27.9,0.392
2021-12-14T12:00,38.7,0.0,30.2,0.393
2021-12-15T12:00,41.8,0.0,31.0,0.407
2021-12-16T12:00,11.2,0.0,25.2,0.41
2021-12-17T12:00,11.1,0.0,24.4,0.408
2021-12-18T12:00,11.9,0.0,25.5,0.407
2021-12-19T12:00,28.2,0.0,27.2,0.406
2021-12-20T12:00,13.8,0.0,24.8,0.405
2021-12-21T12:00,12.5,0.0,26.0,0.404
2021-12-22T12:00,20.9,0.0,27.0,0.404
2021-12-23T12:00,31.7,0.0,27.1,0.404
2021-12-24T12:00,27.8,0.0,27.5,0.404
2021-12-25T12:00,5.6,0.0,25.2,0.406
2021-12-26T12:00,6.6,0.0,27.6,0.405
2021-12-27T12:00,6.1,0.0,26.8,0.405
2021-12-28T12:00,-2.1,0.0,27.8,0.405
2021-12-29T12:00,-14.5,0.0,26.2,0.405
2021-12-30T12:00,-3.5,0.0,27.5,0.405
2021-12-31T12:00,-13.1,0.0,29.0,0.403
2022-01-01T12:00,-15.4,0.0,28.2,0.402
2022-01-02T12:00,-5.0,0.0,27.5,0.401
2022-01-03T12:00,15.8,0.0,26.9,0.401
2022-01-04T12:00,11.6,0.0,27.7,0.4
2022-01-05T12:00,-5.5,0.0,27.0,0.4
2022-01-06T12:00,-17.0,0.0,27.7,0.399
2022-01-07T12:00,-15.1,0.0,29.8,0.398
2022-01-08T12:00,14.3,0.0,29.2,0.397
2022-01-09T12:00,-5.0,0.0,27.0,0.396
2022-01-10T12:00,-7.1,0.0,31.4,0.395
2022-01-11T12:00,35.4,0.0,29.2,0.394
2022-01-12T12:00,25.6,0.0,30.2,0.393
2022-01-13T12:00,22.9,0.0,29.6,0.392
2022-01-14T12:00,16.6,0.0,28.3,0.391
2022-01-15T12:00,3.5,0.0,30.2,0.39
2022-01-16T12:00,34.3,0.004,27.3,0.39
2022-01-17T12:00,28.3,0.0,27.6,0.389
2022-01-18T12:00,28.8,0.0,29.9,0.389
2022-01-19T12:00,-5.2,0.0,27.2,0.388
2022-01-20T12:00,-11.1,0.0,28.1,0.388
2022-01-21T12:00,19.8,0.0,27.1,0.387
2022-01-22T12:00,2.1,0.0,27.0,0.387
2022-01-23T12:00,-1.9,0.0,26.9,0.387
2022-01-24T12:00,-0.7,0.0,27.1,0.387
2022-01-25T12:00,-9.5,0.0,26.9,0.386
2022-01-26T12:00,23.8,0.0,26.9,0.386
2022-01-27T12:00,5.7,0.0,27.5,0.386
2022-01-28T12:00,9.0,0.0,29.2,0.386
2022-01-29T12:00,27.3,0.0,27.2,0.386
2022-01-30T12:00,11.3,0.0,27.9,0.386
2022-01-31T12:00,21.0,0.0,27.2,0.386
2022-02-01T12:00,8.4,0.0,27.0,0.385
2022-02-02T12:00,-7.2,0.0,26.9,0.385
2022-02-03T12:00,-11.8,0.0,31.4,0.384
2022-02-04T12:00,-4.8,0.0,29.5,0.384
2022-02-05T12:00,24.7,0.0,30.3,0.383
2022-02-06T12:00,5.1,0.0,28.4,0.383
2022-02-07T12:00,22.6,0.0,27.6,0.382
2022-02-08T12:00,39.2,0.0,27.2,0.382
2022-02-09T12:00,26.9,0.0,28.8,0.415
2022-02-10T12:00,33.9,0.0,29.9,0.413
2022-02-11T12:00,0.0,0.0,27.2,0.484
2022-02-12T12:00,-3.6,0.0,30.0,0.464
2022-02-13T12:00,-2.3,0.0,29.1,0.456
2022-02-14T12:00,1.0,0.0,26.9,0.45
2022-02-15T12:00,16.3,0.0,27.5,0.445
2022-02-16T12:00,15.2,0.0,30.2,0.44
2022-02-17T12:00,-4.6,0.0,29.4,0.436
2022-02-18T12:00,12.3,0.0,27.8,0.433
2022-02-19T12:00,8.8,0.0,27.7,0.431
2022-02-20T12:00,8.1,0.0,27.5,0.429
2022-02-21T12:00,-3.6,0.0,27.1,0.428
2022-02-22T12:00,-10.5,0.0,27.3,0.426
2022-02-23T12:00,-7.8,0.0,31.0,0.423
2022-02-24T12:00,-3.1,0.0,30.0,0.42
2022-02-25T12:00,0.9,0.0,30.7,0.418
2022-02-26T12:00,23.3,0.0,27.1,0.418
2022-02-27T12:00,18.9,0.0,27.5,0.417
2022-02-28T12:00,31.5,0.0,28.5,0.415
2022-03-01T12:00,20.6,0.0,29.8,0.414
2022-03-02T12:00,21.9,0.0,31.3,0.412
2022-03-03T12:00,8.2,0.0,30.5,0.41
2022-03-04T12:00,27.1,0.0,31.5,0.409
2022-03-05T12:00,27.0,0.0,31.5,0.408
2022-03-06T12:00,23.4,0.0,29.1,0.407
2022-03-07T12:00,22.4,0.0,27.2,0.406
2022-03-08T12:00,25.9,0.0,29.0,0.405
2022-03-09T12:00,10.3,0.0,27.5,0.405
2022-03-10T12:00,12.3,0.0,28.0,0.404
2022-03-11T12:00,0.0,0.0,27.1,0.404
2022-03-12T12:00,12.5,0.0,28.0,0.403
2022-03-13T12:00,27.4,0.0,27.3,0.403
2022-03-14T12:00,27.7,0.0,29.0,0.402
2022-03-15T12:00,40.8,0.0,27.4,0.422
2022-03-16T12:00,45.3,0.004,30.5,0.517
2022-03-17T12:00,39.3,0.0,30.8,0.516
2022-03-18T12:00,37.4,0.0,30.5,0.518
2022-03-19T12:00,42.2,0.0,30.9,0.518
2022-03-20T12:00,56.2,0.0,41.6,0.492
2022-03-21T12:00,53.2,0.0,44.0,0.47
2022-03-22T12:00,47.8,0.0,37.7,0.459
2022-03-23T12:00,39.7,0.0,36.9,0.448
2022-03-24T12:00,45.8,0.0,41.6,0.447
2022-03-25T12:00,40.4,0.0,37.9,0.443
2022-03-26T12:00,26.2,0.0,31.9,0.436
2022-03-27T12:00,24.9,0.0,29.6,0.437
2022-03-28T12:00,38.9,0.0,30.3,0.437
2022-03-29T12:00,44.7,0.0,38.5,0.434
2022-03-30T12:00,32.7,0.0,32.3,0.447
2022-03-31T12:00,36.7,0.0,32.3,0.442
2022-04-01T12:00,48.9,0.0,31.9,0.452
2022-04-02T12:00,44.1,0.0,39.3,0.458
2022-04-03T12:00,37.9,0.0,36.3,0.441
2022-04-04T12:00,47.5,0.0,41.8,0.436
2022-04-05T12:00,50.5,0.012,42.3,0.459
2022-04-06T12:00,39.5,0.02,35.4,0.47
2022-04-07T12:00,35.3,0.0,33.1,0.468
2022-04-08T12:00,43.1,0.0,39.5,0.464
2022-04-09T12:00,49.1,0.0,42.6,0.459
2022-04-10T12:00,39.5,0.311,40.2,0.517
2022-04-11T12:00,44.9,0.035,40.9,0.498
2022-04-12T12:00,39.5,0.004,37.7,0.481
2022-04-13T12:00,37.8,0.012,39.8,0.493
2022-04-14T12:00,29.4,0.0,34.2,0.478
2022-04-15T12:00,25.8,0.0,29.4,0.471
2022-04-16T12:00,33.1,0.0,29.6,0.467
2022-04-17T12:00,31.5,0.0,33.0,0.461
2022-04-18T12:00,36.4,0.0,31.3,0.459
2022-04-19T12:00,42.5,0.0,32.4,0.45
2022-04-20T12:00,47.4,0.031,40.6,0.449
2022-04-21T12:00,46.9,0.0,44.3,0.436
2022-04-22T12:00,48.3,0.362,44.4,0.502
2022-04-23T12:00,73.5,0.083,58.6,0.503
2022-04-24T12:00,38.0,0.146,40.6,0.512
2022-04-25T12:00,34.4,0.0,37.3,0.485
2022-04-26T12:00,38.1,0.0,41.4,0.475
2022-04-27T12:00,44.8,0.0,43.7,0.467
2022-04-28T12:00,47.6,0.0,45.0,0.451
2022-04-29T12:00,47.8,0.28,45.6,0.52
2022-04-30T12:00,47.7,0.283,46.0,0.52
2022-05-01T12:00,44.3,0.008,42.2,0.489
2022-05-02T12:00,43.3,0.0,44.1,0.483
2022-05-03T12:00,51.5,0.0,51.2,0.471
2022-05-04T12:00,58.9,0.0,53.9,0.461
2022-05-05T12:00,61.1,0.0,56.6,0.444
2022-05-06T12:00,64.8,0.0,57.2,0.424
2022-05-07T12:00,70.1,0.0,61.4,0.413
2022-05-08T12:00,63.4,0.815,59.7,0.505
2022-05-09T12:00,62.4,0.689,58.3,0.502
2022-05-10T12:00,66.5,0.008,61.5,0.476
2022-05-11T12:00,72.7,0.004,64.0,0.461
2022-05-12T12:00,65.9,0.035,61.1,0.467
2022-05-13T12:00,65.6,0.0,61.2,0.478
2022-05-14T12:00,60.7,0.083,59.3,0.485
2022-05-15T12:00,67.1,0.0,62.6,0.447
2022-05-16T12:00,63.9,0.0,63.8,0.437
2022-05-17T12:00,62.0,0.0,60.5,0.433
2022-05-18T12:00,69.5,0.0,63.5,0.452
2022-05-19T12:00,62.6,0.0,60.2,0.431
2022-05-20T12:00,50.7,0.024,54.7,0.464
2022-05-21T12:00,47.2,0.004,50.2,0.46
2022-05-22T12:00,56.6,0.008,54.8,0.445
2022-05-23T12:00,62.1,0.0,57.9,0.419
2022-05-24T12:00,66.1,0.0,61.3,0.401
2022-05-25T12:00,65.6,0.0,62.8,0.386
2022-05-26T12:00,64.2,0.0,63.8,0.372
2022-05-27T12:00,76.4,0.0,70.2,0.347
2022-05-28T12:00,77.8,0.0,72.8,0.367
2022-05-29T12:00,81.4,0.0,75.9,0.343
2022-05-30T12:00,72.1,0.138,69.5,0.469
2022-05-31T12:00,54.8,0.004,57.5,0.494
2022-06-01T12:00,67.3,0.0,63.4,0.476
2022-06-02T12:00,66.9,0.0,64.0,0.445
2022-06-03T12:00,63.3,0.0,63.8,0.413
2022-06-04T12:00,71.9,0.0,68.0,0.384
2022-06-05T12:00,74.2,0.0,70.0,0.353
2022-06-06T12:00,66.2,0.0,67.3,0.335
2022-06-07T12:00,69.2,0.0,67.2,0.31
2022-06-08T12:00,71.9,0.0,72.2,0.281
2022-06-09T12:00,76.3,0.0,75.1,0.262
2022-06-10T12:00,77.5,0.0,78.7,0.248
2022-06-11T12:00,78.3,0.0,77.8,0.288
2022-06-12T12:00,84.0,0.0,81.4,0.285
2022-06-13T12:00,79.8,0.012,75.5,0.459
2022-06-14T12:00,80.5,0.004,79.0,0.44
2022-06-15T12:00,75.6,0.0,74.6,0.407
2022-06-16T12:00,72.9,0.0,73.1,0.374
2022-06-17T12:00,78.2,0.0,77.4,0.347
2022-06-18T12:00,88.1,0.0,80.3,0.31
2022-06-19T12:00,97.0,0.0,88.7,0.29
2022-06-20T12:00,94.4,0.0,91.7,0.283
2022-06-21T12:00,75.6,0.0,77.5,0.392
2022-06-22T12:00,80.1,0.0,78.8,0.359
2022-06-23T12:00,88.5,0.0,84.4,0.323
2022-06-24T12:00,92.2,0.0,87.2,0.291
2022-06-25T12:00,71.8,0.0,74.1,0.449
2022-06-26T12:00,69.6,0.0,70.7,0.406
2022-06-27T12:00,80.0,0.0,75.5,0.373
2022-06-28T12:00,74.4,0.0,75.7,0.334
2022-06-29T12:00,70.7,0.008,67.5,0.324
2022-06-30T12:00,78.2,0.0,78.2,0.317
2022-07-01T12:00,77.9,0.0,77.8,0.304
2022-07-02T12:00,78.8,0.0,78.7,0.291
2022-07-03T12:00,81.5,0.02,81.5,0.289
2022-07-04T12:00,84.3,0.016,81.6,0.32
2022-07-05T12:00,76.5,0.0,77.5,0.318
2022-07-06T12:00,81.4,0.0,80.6,0.339
2022-07-07T12:00,80.8,0.0,80.2,0.338
2022-07-08T12:00,80.1,0.0,80.2,0.326
2022-07-09T12:00,86.8,0.0,82.1,0.308
2022-07-10T12:00,78.7,0.043,78.2,0.317
2022-07-11T12:00,79.1,0.0,80.3,0.306
2022-07-12T12:00,82.2,0.016,79.9,0.304
2022-07-13T12:00,79.8,0.0,81.6,0.291
2022-07-14T12:00,84.3,0.0,81.1,0.288
2022-07-15T12:00,82.7,0.0,80.5,0.448
2022-07-16T12:00,81.8,0.035,79.9,0.418
2022-07-17T12:00,85.5,0.0,81.2,0.414
2022-07-18T12:00,88.9,0.0,83.2,0.384
2022-07-19T12:00,77.8,0.008,79.3,0.448
2022-07-20T12:00,83.6,0.0,79.8,0.412
2022-07-21T12:00,80.5,0.0,77.8,0.384
2022-07-22T12:00,85.2,0.0,79.3,0.364
2022-07-23T12:00,74.7,0.461,73.6,0.477
2022-07-24T12:00,71.9,0.004,73.6,0.372
2022-07-25T12:00,75.6,0.0,73.7,0.357
2022-07-26T12:00,74.6,0.055,72.8,0.365
2022-07-27T12:00,73.5,0.0,72.8,0.345
2022-07-28T12:00,70.4,0.0,70.0,0.333
2022-07-29T12:00,76.2,0.0,73.9,0.326
2022-07-30T12:00,83.5,0.0,77.1,0.315
2022-07-31T12:00,79.2,0.004,78.7,0.299
2022-08-01T12:00,74.2,0.0,75.4,0.304
2022-08-02T12:00,84.2,0.0,80.7,0.299
2022-08-03T12:00,73.3,0.0,74.3,0.304
2022-08-04T12:00,79.8,0.0,75.1,0.307
2022-08-05T12:00,90.5,0.008,81.3,0.311
2022-08-06T12:00,69.6,0.0,72.8,0.457
2022-08-07T12:00,66.3,0.0,68.6,0.438
2022-08-08T12:00,73.3,0.0,69.5,0.432
2022-08-09T12:00,79.7,0.0,73.9,0.407
2022-08-10T12:00,74.9,0.0,73.9,0.388
2022-08-11T12:00,77.4,0.0,73.9,0.372
2022-08-12T12:00,79.4,0.15,73.8,0.477
2022-08-13T12:00,72.8,0.0,71.9,0.444
2022-08-14T12:00,76.1,0.02,72.8,0.433
2022-08-15T12:00,78.4,0.0,74.4,0.418
2022-08-16T12:00,78.0,0.004,74.9,0.461
2022-08-17T12:00,78.4,0.0,75.5,0.479
2022-08-18T12:00,74.1,0.051,72.9,0.482
2022-08-19T12:00,67.7,0.339,67.7,0.503
2022-08-20T12:00,75.2,0.004,72.5,0.481
2022-08-21T12:00,77.5,0.0,72.9,0.46
2022-08-22T12:00,79.0,0.0,73.4,0.445
2022-08-23T12:00,78.9,0.0,74.8,0.424
2022-08-24T12:00,71.4,0.0,71.0,0.412
2022-08-25T12:00,69.0,0.0,70.1,0.416
2022-08-26T12:00,72.1,0.0,69.0,0.409
2022-08-27T12:00,73.9,0.0,70.0,0.459
2022-08-28T12:00,71.0,0.102,70.3,0.468
2022-08-29T12:00,72.5,0.0,69.8,0.458
2022-08-30T12:00,78.0,0.0,70.6,0.44
2022-08-31T12:00,80.2,0.0,73.4,0.416
2022-09-01T12:00,81.4,0.0,73.9,0.405
2022-09-02T12:00,71.3,0.0,72.3,0.396
2022-09-03T12:00,68.7,0.0,68.6,0.39
2022-09-04T12:00,70.7,0.0,67.2,0.378
2022-09-05T12:00,74.3,0.043,68.6,0.375
2022-09-06T12:00,77.8,0.0,74.0,0.362
2022-09-07T12:00,80.0,0.0,72.3,0.359
2022-09-08T12:00,84.5,0.0,76.8,0.347
2022-09-09T12:00,68.1,0.0,69.1,0.404
2022-09-10T12:00,66.3,0.0,64.4,0.402
2022-09-11T12:00,68.6,0.0,63.5,0.391
2022-09-12T12:00,73.3,0.0,65.8,0.371
2022-09-13T12:00,68.4,0.0,65.7,0.351
2022-09-14T12:00,74.2,0.0,66.8,0.349
2022-09-15T12:00,81.5,0.0,73.9,0.347
2022-09-16T12:00,63.4,0.0,64.8,0.407
2022-09-17T12:00,66.0,0.039,65.3,0.411
2022-09-18T12:00,70.8,0.0,65.1,0.471
2022-09-19T12:00,68.5,0.122,64.2,0.488
2022-09-20T12:00,74.0,0.0,69.5,0.445
2022-09-21T12:00,60.6,0.0,61.3,0.431
2022-09-22T12:00,55.4,0.0,58.8,0.428
2022-09-23T12:00,61.0,0.016,58.1,0.446
2022-09-24T12:00,60.5,0.0,58.4,0.47
2022-09-25T12:00,62.8,0.0,60.3,0.456
2022-09-26T12:00,62.7,0.0,60.4,0.443
2022-09-27T12:00,54.7,0.0,56.6,0.432
2022-09-28T12:00,59.4,0.0,54.3,0.419
2022-09-29T12:00,65.7,0.0,59.6,0.401
2022-09-30T12:00,69.2,0.0,63.4,0.382
2022-10-01T12:00,67.7,0.0,63.9,0.372
2022-10-02T12:00,63.9,0.075,59.8,0.39
2022-10-03T12:00,73.1,0.0,66.2,0.367
2022-10-04T12:00,69.1,0.0,66.8,0.361
2022-10-05T12:00,71.2,0.0,65.6,0.379
2022-10-06T12:00,43.3,0.0,51.6,0.374
2022-10-07T12:00,43.0,0.0,47.7,0.38
2022-10-08T12:00,60.5,0.0,53.0,0.373
2022-10-09T12:00,57.5,0.0,54.3,0.353
2022-10-10T12:00,60.5,0.0,53.6,0.344
2022-10-11T12:00,71.3,0.0,61.3,0.33
2022-10-12T12:00,52.3,0.071,52.4,0.339
2022-10-13T12:00,41.3,0.0,45.9,0.334
2022-10-14T12:00,41.9,0.02,44.1,0.359
2022-10-15T12:00,49.4,0.0,45.5,0.367
2022-10-16T12:00,38.6,0.0,42.9,0.37
2022-10-17T12:00,34.1,0.0,29.7,0.368
2022-10-18T12:00,35.9,0.0,28.7,0.329
2022-10-19T12:00,49.2,0.0,28.9,0.33
2022-10-20T12:00,55.3,0.0,43.6,0.305
2022-10-21T12:00,58.7,0.0,53.5,0.295
2022-10-22T12:00,57.1,0.0,52.1,0.283
2022-10-23T12:00,68.7,0.0,56.0,0.276
2022-10-24T12:00,47.6,0.0,51.0,0.4
2022-10-25T12:00,47.2,0.0,47.8,0.389
2022-10-26T12:00,46.3,0.0,45.7,0.376
2022-10-27T12:00,55.3,0.0,48.7,0.363
2022-10-28T12:00,56.4,0.0,50.4,0.367
2022-10-29T12:00,55.3,0.0,50.9,0.358
2022-10-30T12:00,53.1,0.0,49.0,0.341
2022-10-31T12:00,58.7,0.0,50.2,0.327
2022-11-01T12:00,60.1,0.0,49.9,0.307
2022-11-02T12:00,70.3,0.0,59.2,0.294
2022-11-03T12:00,45.5,0.0,49.4,0.292
2022-11-04T12:00,37.5,0.0,43.1,0.295
2022-11-05T12:00,40.4,0.0,28.8,0.298
2022-11-06T12:00,37.8,0.0,40.2,0.296
2022-11-07T12:00,30.5,0.0,28.3,0.295
2022-11-08T12:00,39.8,0.016,31.4,0.298
2022-11-09T12:00,32.6,0.213,34.2,0.372
2022-11-10T12:00,28.9,0.114,31.0,0.413
2022-11-11T12:00,21.9,0.0,27.8,0.392
2022-11-12T12:00,18.6,0.0,31.7,0.383
2022-11-13T12:00,21.1,0.0,29.6,0.377
2022-11-14T12:00,26.9,0.0,30.2,0.371
2022-11-15T12:00,21.5,0.004,29.4,0.367
2022-11-16T12:00,10.5,0.0,28.3,0.363
2022-11-17T12:00,22.3,0.0,30.6,0.36
2022-11-18T12:00,11.2,0.0,27.6,0.358
2022-11-19T12:00,11.2,0.0,28.8,0.355
2022-11-20T12:00,21.0,0.0,27.7,0.353
2022-11-21T12:00,24.9,0.0,27.9,0.352
2022-11-22T12:00,26.9,0.0,30.6,0.35
2022-11-23T12:00,35.0,0.0,30.1,0.349
2022-11-24T12:00,32.6,0.0,29.6,0.352
2022-11-25T12:00,36.8,0.0,28.8,0.351
2022-11-26T12:00,39.1,0.0,32.0,0.403
2022-11-27T12:00,29.0,0.0,31.4,0.412
2022-11-28T12:00,34.9,0.0,31.4,0.4
2022-11-29T12:00,19.7,0.0,30.7,0.393
2022-11-30T12:00,11.3,0.0,26.9,0.386
2022-12-01T12:00,33.1,0.0,27.8,0.382
2022-12-02T12:00,17.2,0.0,27.8,0.378
2022-12-03T12:00,12.2,0.0,24.9,0.376
2022-12-04T12:00,27.6,0.0,27.0,0.373
2022-12-05T12:00,16.2,0.0,27.2,0.372
2022-12-06T12:00,16.1,0.0,27.2,0.37
2022-12-07T12:00,-1.8,0.0,26.9,0.369
2022-12-08T12:00,21.2,0.0,26.9,0.368
2022-12-09T12:00,25.1,0.0,27.2,0.367
2022-12-10T12:00,32.6,0.0,28.4,0.366
2022-12-11T12:00,27.8,0.0,32.4,0.365
2022-12-12T12:00,29.5,0.0,30.2,0.364
2022-12-13T12:00,32.2,0.0,31.1,0.363
2022-12-14T12:00,32.0,0.0,29.6,0.363
2022-12-15T12:00,31.2,0.0,29.6,0.363
2022-12-16T12:00,23.1,0.0,27.5,0.362
2022-12-17T12:00,14.3,0.0,27.3,0.362
2022-12-18T12:00,-1.5,0.0,26.9,0.361
2022-12-19T12:00,0.3,0.0,29.6,0.36
2022-12-20T12:00,-13.0,0.0,26.9,0.36
2022-12-21T12:00,-10.9,0.0,29.6,0.359
2022-12-22T12:00,-9.1,0.0,27.2,0.359
2022-12-23T12:00,-5.5,0.0,27.0,0.358
2022-12-24T12:00,-5.0,0.0,27.2,0.358
2022-12-25T12:00,-6.2,0.0,27.4,0.358
2022-12-26T12:00,-3.2,0.0,28.9,0.357
2022-12-27T12:00,23.6,0.0,29.1,0.356
2022-12-28T12:00,27.6,0.0,27.5,0.356
2022-12-29T12:00,13.3,0.0,30.4,0.356
2022-12-30T12:00,10.5,0.0,30.5,0.355
2022-12-31T12:00,19.6,0.0,30.2,0.355
2023-01-01T12:00,24.2,0.0,27.7,0.354
2023-01-02T12:00,20.6,0.0,27.3,0.354
2023-01-03T12:00,12.5,0.0,27.0,0.353
2023-01-04T12:00,15.0,0.0,27.0,0.353
2023-01-05T12:00,17.7,0.0,26.9,0.353
2023-01-06T12:00,13.8,0.0,27.0,0.353
2023-01-07T12:00,16.1,0.0,26.4,0.353
2023-01-08T12:00,21.4,0.0,26.7,0.353
2023-01-09T12:00,18.5,0.0,26.5,0.353
2023-01-10T12:00,22.1,0.0,26.9,0.353
2023-01-11T12:00,24.1,0.0,27.2,0.354
2023-01-12T12:00,18.0,0.0,27.0,0.353
2023-01-13T12:00,14.4,0.0,26.5,0.353
2023-01-14T12:00,23.2,0.0,26.4,0.354
2023-01-15T12:00,32.3,0.0,27.1,0.354
2023-01-16T12:00,27.9,0.0,27.1,0.354
2023-01-17T12:00,19.4,0.0,26.9,0.354
2023-01-18T12:00,19.0,0.0,28.9,0.354
2023-01-19T12:00,23.7,0.0,29.0,0.354
2023-01-20T12:00,27.0,0.0,29.8,0.354
2023-01-21T12:00,21.8,0.0,26.9,0.354
2023-01-22T12:00,10.3,0.0,26.5,0.354
2023-01-23T12:00,32.9,0.0,26.9,0.354
2023-01-24T12:00,26.5,0.0,27.1,0.354
2023-01-25T12:00,8.8,0.0,26.9,0.354
2023-01-26T12:00,22.5,0.0,30.8,0.354
2023-01-27T12:00,15.9,0.0,27.3,0.353
2023-01-28T12:00,-4.7,0.0,26.6,0.353
2023-01-29T12:00,-4.3,0.0,26.0,0.353
2023-01-30T12:00,-6.6,0.0,25.7,0.353
2023-01-31T12:00,-0.5,0.0,25.8,0.353
2023-02-01T12:00,9.5,0.0,28.1,0.353
2023-02-02T12:00,-5.0,0.0,26.0,0.353
2023-02-03T12:00,-3.1,0.0,31.1,0.353
2023-02-04T12:00,31.0,0.0,25.7,0.353
2023-02-05T12:00,18.7,0.0,27.1,0.353
2023-02-06T12:00,37.3,0.0,26.9,0.353
2023-02-07T12:00,33.0,0.0,26.4,0.355
2023-02-08T12:00,35.0,0.0,26.6,0.356
2023-02-09T12:00,23.0,0.0,28.5,0.356
2023-02-10T12:00,25.2,0.0,26.0,0.356
2023-02-11T12:00,36.0,0.0,26.6,0.356
2023-02-12T12:00,33.2,0.0,26.7,0.369
2023-02-13T12:00,34.6,0.0,26.8,0.373
2023-02-14T12:00,32.9,0.004,26.9,0.377
2023-02-15T12:00,9.8,0.0,25.7,0.377
2023-02-16T12:00,9.8,0.0,25.1,0.377
2023-02-17T12:00,21.5,0.0,24.5,0.377
2023-02-18T12:00,28.3,0.0,25.8,0.377
2023-02-19T12:00,13.3,0.0,26.0,0.377
2023-02-20T12:00,28.2,0.0,26.0,0.377
2023-02-21T12:00,4.4,0.0,22.6,0.377
2023-02-22T12:00,-3.4,0.0,21.8,0.377
2023-02-23T12:00,-2.4,0.0,21.8,0.377
2023-02-24T12:00,-5.4,0.0,21.6,0.377
2023-02-25T12:00,12.6,0.0,24.0,0.377
2023-02-26T12:00,17.3,0.0,23.6,0.377
2023-02-27T12:00,26.9,0.0,26.6,0.378
2023-02-28T12:00,25.0,0.0,25.5,0.378
2023-03-01T12:00,11.2,0.0,26.7,0.378
2023-03-02T12:00,9.4,0.0,25.4,0.378
2023-03-03T12:00,33.1,0.0,26.9,0.378
2023-03-04T12:00,27.8,0.0,26.7,0.379
2023-03-05T12:00,25.9,0.0,26.4,0.379
2023-03-06T12:00,12.8,0.0,26.6,0.378
2023-03-07T12:00,11.1,0.0,26.0,0.378
2023-03-08T12:00,22.9,0.0,26.9,0.378
2023-03-09T12:00,30.0,0.0,27.0,0.378
2023-03-10T12:00,28.9,0.0,26.9,0.378
2023-03-11T12:00,28.0,0.0,28.2,0.378
2023-03-12T12:00,22.5,0.0,27.1,0.378
2023-03-13T12:00,18.0,0.0,26.5,0.378
2023-03-14T12:00,21.4,0.0,26.7,0.378
2023-03-15T12:00,28.9,0.0,26.9,0.378
2023-03-16T12:00,23.3,0.0,28.5,0.377
2023-03-17T12:00,6.5,0.0,26.8,0.377
2023-03-18T12:00,13.1,0.0,26.9,0.377
2023-03-19T12:00,24.7,0.0,26.4,0.376
2023-03-20T12:00,22.6,0.0,26.5,0.376
2023-03-21T12:00,25.1,0.0,26.0,0.376
2023-03-22T12:00,25.4,0.0,29.1,0.376
2023-03-23T12:00,16.2,0.0,26.3,0.376
2023-03-24T12:00,21.7,0.0,26.8,0.376
2023-03-25T12:00,28.1,0.0,30.2,0.375
2023-03-26T12:00,22.6,0.0,26.9,0.374
2023-03-27T12:00,17.9,0.0,26.9,0.374
2023-03-28T12:00,20.3,0.0,27.4,0.373
2023-03-29T12:00,15.2,0.0,26.0,0.373
2023-03-30T12:00,23.5,0.0,26.8,0.373
2023-03-31T12:00,34.3,0.0,27.8,0.373
2023-04-01T12:00,28.2,0.0,26.8,0.373
2023-04-02T12:00,38.5,0.0,28.8,0.372
2023-04-03T12:00,31.0,0.0,31.4,0.402
2023-04-04T12:00,31.5,0.0,27.9,0.401
2023-04-05T12:00,23.3,0.0,27.2,0.4
2023-04-06T12:00,27.0,0.0,27.2,0.399
2023-04-07T12:00,29.8,0.0,26.9,0.398
2023-04-08T12:00,38.0,0.0,26.9,0.398
2023-04-09T12:00,42.4,0.0,28.1,0.397
2023-04-10T12:00,47.6,0.0,30.7,0.506
2023-04-11T12:00,49.0,0.0,31.0,0.518
2023-04-12T12:00,49.4,0.0,31.4,0.511
2023-04-13T12:00,46.8,0.028,30.7,0.508
2023-04-14T12:00,40.9,0.0,30.5,0.516
2023-04-15T12:00,35.0,0.004,31.0,0.516
2023-04-16T12:00,38.8,0.0,31.1,0.508
2023-04-17T12:00,44.9,0.0,39.2,0.501
2023-04-18T12:00,51.6,0.0,41.4,0.497
2023-04-19T12:00,49.8,0.055,38.9,0.506
2023-04-20T12:00,34.0,0.016,33.6,0.491
2023-04-21T12:00,32.4,0.0,33.2,0.485
2023-04-22T12:00,33.7,0.0,35.4,0.477
2023-04-23T12:00,40.3,0.0,38.5,0.483
2023-04-24T12:00,41.9,0.0,41.6,0.473
2023-04-25T12:00,48.5,0.0,45.4,0.46
2023-04-26T12:00,53.2,0.0,43.4,0.447
2023-04-27T12:00,51.1,0.0,45.0,0.431
2023-04-28T12:00,53.0,0.008,50.2,0.438
2023-04-29T12:00,48.7,0.012,45.8,0.425
2023-04-30T12:00,51.5,0.0,47.7,0.415
2023-05-01T12:00,49.8,0.0,47.4,0.405
2023-05-02T12:00,55.5,0.0,50.6,0.393
2023-05-03T12:00,68.0,0.0,56.2,0.377
2023-05-04T12:00,67.0,0.0,60.0,0.344
2023-05-05T12:00,65.7,0.0,60.5,0.317
2023-05-06T12:00,56.2,0.016,53.4,0.386
2023-05-07T12:00,55.7,0.02,52.9,0.49
2023-05-08T12:00,57.1,0.008,52.9,0.481
2023-05-09T12:00,67.0,0.0,57.4,0.465
2023-05-10T12:00,74.6,0.008,63.4,0.484
2023-05-11T12:00,74.8,0.0,65.9,0.454
2023-05-12T12:00,76.9,0.004,68.2,0.428
2023-05-13T12:00,62.5,0.028,59.3,0.474
2023-05-14T12:00,68.3,0.0,62.7,0.454
2023-05-15T12:00,75.1,0.0,64.2,0.422
2023-05-16T12:00,76.6,0.0,67.5,0.387
2023-05-17T12:00,78.3,0.0,68.8,0.361
2023-05-18T12:00,60.5,0.0,61.8,0.363
2023-05-19T12:00,54.0,0.0,53.4,0.361
2023-05-20T12:00,67.4,0.0,62.0,0.351
2023-05-21T12:00,76.6,0.0,68.7,0.325
2023-05-22T12:00,80.7,0.0,71.7,0.304
2023-05-23T12:00,84.5,0.0,76.4,0.288
2023-05-24T12:00,77.8,0.0,74.3,0.291
2023-05-25T12:00,81.6,0.0,74.3,0.285
2023-05-26T12:00,81.9,0.0,76.7,0.275
2023-05-27T12:00,83.2,0.0,78.2,0.267
2023-05-28T12:00,83.8,0.0,79.1,0.26
2023-05-29T12:00,80.6,0.043,75.7,0.267
2023-05-30T12:00,83.2,0.0,82.4,0.256
2023-05-31T12:00,87.2,0.0,83.2,0.277
2023-06-01T12:00,90.5,0.0,82.6,0.374
2023-06-02T12:00,82.2,0.012,83.5,0.344
2023-06-03T12:00,87.8,0.0,84.5,0.348
2023-06-04T12:00,89.4,0.0,86.2,0.355
2023-06-05T12:00,88.9,0.0,85.2,0.337
2023-06-06T12:00,89.5,0.0,86.5,0.325
2023-06-07T12:00,81.0,0.051,84.5,0.316
2023-06-08T12:00,83.1,0.0,82.5,0.362
2023-06-09T12:00,82.0,0.008,82.7,0.359
2023-06-10T12:00,74.9,0.004,76.4,0.393
2023-06-11T12:00,71.0,0.0,74.6,0.362
2023-06-12T12:00,78.3,0.0,77.1,0.333
2023-06-13T12:00,85.1,0.0,81.2,0.31
2023-06-14T12:00,83.0,0.0,82.7,0.297
2023-06-15T12:00,80.0,0.0,80.8,0.293
2023-06-16T12:00,77.3,0.0,79.7,0.289
2023-06-17T12:00,80.9,0.0,81.2,0.289
2023-06-18T12:00,83.8,0.0,82.2,0.281
2023-06-19T12:00,90.3,0.0,84.6,0.276
2023-06-20T12:00,95.3,0.0,89.3,0.271
2023-06-21T12:00,81.9,0.0,85.5,0.263
2023-06-22T12:00,72.5,0.091,75.2,0.32
2023-06-23T12:00,70.7,0.094,72.3,0.329
2023-06-24T12:00,67.4,0.469,67.0,0.512
2023-06-25T12:00,70.9,0.02,68.3,0.473
2023-06-26T12:00,80.0,0.0,74.9,0.434
2023-06-27T12:00,75.5,0.0,75.0,0.329
2023-06-28T12:00,75.8,0.012,76.1,0.428
2023-06-29T12:00,81.0,0.0,79.9,0.381
2023-06-30T12:00,80.2,0.008,80.8,0.342
2023-07-01T12:00,83.7,0.0,84.1,0.317
2023-07-02T12:00,89.6,0.0,87.2,0.288
2023-07-03T12:00,81.8,0.0,85.1,0.284
2023-07-04T12:00,73.7,0.024,75.6,0.309
2023-07-05T12:00,65.0,0.0,70.5,0.33
2023-07-06T12:00,75.4,0.0,74.0,0.316
2023-07-07T12:00,75.6,0.024,78.9,0.304
2023-07-08T12:00,73.5,0.0,75.7,0.302
2023-07-09T12:00,85.7,0.0,80.7,0.29
2023-07-10T12:00,76.3,0.0,80.9,0.275
2023-07-11T12:00,69.2,0.0,74.3,0.276
2023-07-12T12:00,67.4,0.173,66.4,0.416
2023-07-13T12:00,77.5,0.004,74.4,0.348
2023-07-14T12:00,79.9,0.0,76.4,0.37
2023-07-15T12:00,70.7,0.004,72.8,0.348
2023-07-16T12:00,70.0,0.0,72.3,0.331
2023-07-17T12:00,70.9,0.0,70.2,0.323
2023-07-18T12:00,77.2,0.0,74.9,0.311
2023-07-19T12:00,80.2,0.0,77.1,0.355
2023-07-20T12:00,76.1,0.008,74.6,0.34
2023-07-21T12:00,80.0,0.004,77.3,0.321
2023-07-22T12:00,81.8,0.0,78.3,0.306
2023-07-23T12:00,82.6,0.0,79.6,0.301
2023-07-24T12:00,85.3,0.0,81.8,0.301
2023-07-25T12:00,90.3,0.0,83.9,0.296
2023-07-26T12:00,91.8,0.0,86.1,0.324
2023-07-27T12:00,86.4,0.0,82.8,0.305
2023-07-28T12:00,71.0,0.012,72.6,0.295
2023-07-29T12:00,70.8,0.0,74.7,0.288
2023-07-30T12:00,77.1,0.0,77.4,0.286
2023-07-31T12:00,81.2,0.0,77.8,0.284
2023-08-01T12:00,88.8,0.0,82.9,0.279
2023-08-02T12:00,85.3,0.004,84.2,0.279
2023-08-03T12:00,88.3,0.0,86.8,0.27
2023-08-04T12:00,80.7,0.0,79.6,0.272
2023-08-05T12:00,82.3,0.0,80.0,0.272
2023-08-06T12:00,78.6,0.0,77.3,0.292
2023-08-07T12:00,77.3,0.0,77.0,0.288
2023-08-08T12:00,75.2,0.047,77.5,0.294
2023-08-09T12:00,76.7,0.0,76.7,0.297
2023-08-10T12:00,66.6,0.378,68.5,0.408
2023-08-11T12:00,74.1,0.043,72.7,0.378
2023-08-12T12:00,72.9,0.0,72.3,0.346
2023-08-13T12:00,70.7,0.031,70.1,0.341
2023-08-14T12:00,72.9,0.0,71.0,0.44
2023-08-15T12:00,81.0,0.0,74.2,0.397
2023-08-16T12:00,84.7,0.0,76.1,0.364
2023-08-17T12:00,71.4,0.0,71.8,0.353
2023-08-18T12:00,78.4,0.0,73.0,0.334
2023-08-19T12:00,87.1,0.0,80.0,0.32
2023-08-20T12:00,65.2,0.0,67.5,0.314
2023-08-21T12:00,73.0,0.0,70.0,0.325
2023-08-22T12:00,81.1,0.0,76.3,0.33
2023-08-23T12:00,78.5,0.0,75.6,0.333
2023-08-24T12:00,80.6,0.0,79.1,0.351
2023-08-25T12:00,76.6,0.0,76.4,0.351
2023-08-26T12:00,67.6,0.008,69.4,0.342
2023-08-27T12:00,75.5,0.012,71.7,0.348
2023-08-28T12:00,79.7,0.0,74.8,0.328
2023-08-29T12:00,76.5,0.0,74.2,0.315
2023-08-30T12:00,75.3,0.0,72.4,0.31
2023-08-31T12:00,81.8,0.0,76.6,0.3
2023-09-01T12:00,85.4,0.0,78.8,0.303
2023-09-02T12:00,85.2,0.0,79.2,0.301
2023-09-03T12:00,85.8,0.0,80.8,0.29
2023-09-04T12:00,90.5,0.0,82.8,0.284
2023-09-05T12:00,68.4,0.012,72.6,0.275
2023-09-06T12:00,66.4,0.0,68.8,0.368
2023-09-07T12:00,68.3,0.0,67.1,0.353
2023-09-08T12:00,74.4,0.0,72.0,0.338
2023-09-09T12:00,65.5,0.008,65.3,0.329
2023-09-10T12:00,70.1,0.0,68.4,0.322
2023-09-11T12:00,66.8,0.004,67.7,0.309
2023-09-12T12:00,61.5,0.0,63.9,0.313
2023-09-13T12:00,66.0,0.0,62.9,0.306
2023-09-14T12:00,70.3,0.016,67.1,0.303
2023-09-15T12:00,69.6,0.0,68.2,0.308
2023-09-16T12:00,63.1,0.004,64.3,0.3
2023-09-17T12:00,66.4,0.0,64.5,0.299
2023-09-18T12:00,74.6,0.0,68.6,0.285
2023-09-19T12:00,79.2,0.0,74.6,0.274
2023-09-20T12:00,75.3,0.0,72.9,0.264
2023-09-21T12:00,76.4,0.386,71.8,0.463
2023-09-22T12:00,72.8,0.0,68.1,0.448
2023-09-23T12:00,69.3,0.299,66.5,0.472
2023-09-24T12:00,63.7,0.091,64.6,0.509
2023-09-25T12:00,66.1,0.02,63.6,0.488
2023-09-26T12:00,68.7,0.016,65.2,0.479
2023-09-27T12:00,67.4,0.008,65.0,0.464
2023-09-28T12:00,71.6,0.0,67.3,0.451
2023-09-29T12:00,69.3,0.283,66.9,0.49
2023-09-30T12:00,68.7,0.004,64.2,0.471
2023-10-01T12:00,83.6,0.0,73.6,0.45
2023-10-02T12:00,79.5,0.0,73.9,0.431
2023-10-03T12:00,74.6,0.008,71.8,0.453
2023-10-04T12:00,61.2,0.0,63.6,0.46
2023-10-05T12:00,55.4,0.004,58.2,0.45
2023-10-06T12:00,50.2,0.016,52.0,0.484
2023-10-07T12:00,50.3,0.0,50.3,0.465
2023-10-08T12:00,56.4,0.0,54.1,0.448
2023-10-09T12:00,53.0,0.0,52.6,0.436
2023-10-10T12:00,51.2,0.0,50.9,0.425
2023-10-11T12:00,55.8,0.0,51.2,0.398
2023-10-12T12:00,55.7,0.0,53.1,0.395
2023-10-13T12:00,51.2,0.0,51.2,0.38
2023-10-14T12:00,51.4,0.0,50.4,0.402
2023-10-15T12:00,54.5,0.0,52.8,0.398
2023-10-16T12:00,57.0,0.0,52.4,0.386
2023-10-17T12:00,59.7,0.0,53.5,0.366
2023-10-18T12:00,53.4,0.209,53.0,0.459
2023-10-19T12:00,61.4,0.0,58.4,0.388
2023-10-20T12:00,64.5,0.0,57.3,0.38
2023-10-21T12:00,58.0,0.0,56.4,0.361
2023-10-22T12:00,58.8,0.0,55.3,0.353
2023-10-23T12:00,59.6,0.0,57.1,0.347
2023-10-24T12:00,45.7,0.0,49.4,0.404
2023-10-25T12:00,46.6,0.0,48.5,0.403
2023-10-26T12:00,37.7,0.039,41.3,0.444
2023-10-27T12:00,27.1,0.0,34.8,0.445
2023-10-28T12:00,30.1,0.0,29.5,0.428
2023-10-29T12:00,30.0,0.0,29.0,0.418
2023-10-30T12:00,33.6,0.0,31.2,0.413
2023-10-31T12:00,28.1,0.0,30.9,0.409
2023-11-01T12:00,36.5,0.0,32.2,0.405
2023-11-02T12:00,37.7,0.0,31.1,0.402
2023-11-03T12:00,39.0,0.0,32.3,0.4
2023-11-04T12:00,42.4,0.0,32.1,0.397
2023-11-05T12:00,43.9,0.008,32.7,0.396
2023-11-06T12:00,39.7,0.0,40.4,0.418
2023-11-07T12:00,40.7,0.028,39.9,0.417
2023-11-08T12:00,47.8,0.0,43.2,0.422
2023-11-09T12:00,39.5,0.0,39.5,0.414
2023-11-10T12:00,37.7,0.0,38.5,0.414
2023-11-11T12:00,40.2,0.0,38.6,0.41
2023-11-12T12:00,52.2,0.02,38.6,0.413
2023-11-13T12:00,45.8,0.0,41.5,0.406
2023-11-14T12:00,53.0,0.0,47.8,0.39
2023-11-15T12:00,47.8,0.0,33.7,0.388
2023-11-16T12:00,40.1,0.0,40.8,0.371
2023-11-17T12:00,41.3,0.0,28.7,0.367
2023-11-18T12:00,46.2,0.0,29.3,0.367
2023-11-19T12:00,47.4,0.0,31.5,0.366
2023-11-20T12:00,48.7,0.008,44.4,0.374
2023-11-21T12:00,34.6,0.0,37.7,0.369
2023-11-22T12:00,46.2,0.0,30.4,0.37
2023-11-23T12:00,21.9,0.0,29.3,0.364
2023-11-24T12:00,25.8,0.0,27.5,0.364
2023-11-25T12:00,28.7,0.0,27.7,0.364
2023-11-26T12:00,26.9,0.0,29.1,0.364
2023-11-27T12:00,19.9,0.0,26.9,0.364
2023-11-28T12:00,35.6,0.0,27.8,0.364
2023-11-29T12:00,42.6,0.0,28.3,0.364
2023-11-30T12:00,34.3,0.0,28.8,0.364
2023-12-01T12:00,33.9,0.0,28.0,0.364
2023-12-02T12:00,33.4,0.0,28.5,0.364
2023-12-03T12:00,34.2,0.0,28.8,0.364
2023-12-04T12:00,29.9,0.0,27.8,0.364
2023-12-05T12:00,32.0,0.0,28.8,0.364
2023-12-06T12:00,46.7,0.0,28.7,0.364
2023-12-07T12:00,43.7,0.0,30.0,0.364
2023-12-08T12:00,40.4,0.0,36.1,0.378
2023-12-09T12:00,29.0,0.0,31.7,0.388
2023-12-10T12:00,28.5,0.0,28.5,0.387
2023-12-11T12:00,32.1,0.0,27.7,0.387
2023-12-12T12:00,24.1,0.0,27.1,0.386
2023-12-13T12:00,35.0,0.0,27.8,0.385
2023-12-14T12:00,42.8,0.0,28.6,0.385
2023-12-15T12:00,35.7,0.0,30.7,0.388
2023-12-16T12:00,31.8,0.0,30.0,0.404
2023-12-17T12:00,32.3,0.0,29.0,0.402
2023-12-18T12:00,20.2,0.0,26.9,0.4
2023-12-19T12:00,34.1,0.0,27.8,0.399
2023-12-20T12:00,35.4,0.0,29.5,0.398
2023-12-21T12:00,36.5,0.0,31.4,0.397
2023-12-22T12:00,36.3,0.0,29.9,0.396
2023-12-23T12:00,36.8,0.0,31.3,0.395
2023-12-24T12:00,33.5,0.028,32.9,0.478
2023-12-25T12:00,26.9,0.0,29.9,0.45
2023-12-26T12:00,33.9,0.24,29.3,0.518
2023-12-27T12:00,33.6,0.004,31.4,0.491
2023-12-28T12:00,35.7,0.0,32.1,0.481
2023-12-29T12:00,41.0,0.0,28.4,0.473
2023-12-30T12:00,26.2,0.0,29.1,0.468
2023-12-31T12:00,21.6,0.0,27.6,0.464
2024-01-01T12:00,24.6,0.0,27.2,0.46
2024-01-02T12:00,33.8,0.0,28.3,0.458
2024-01-03T12:00,22.3,0.0,30.0,0.456
2024-01-04T12:00,20.3,0.0,26.8,0.454
2024-01-05T12:00,32.7,0.008,29.7,0.453
2024-01-06T12:00,24.2,0.0,28.5,0.452
2024-01-07T12:00,10.2,0.0,22.8,0.45
2024-01-08T12:00,16.5,0.0,23.7,0.45
2024-01-09T12:00,13.1,0.0,17.8,0.45
2024-01-10T12:00,19.8,0.0,20.2,0.45
2024-01-11T12:00,5.8,0.0,13.7,0.45
2024-01-12T12:00,1.2,0.0,8.4,0.45
2024-01-13T12:00,-7.3,0.0,4.4,0.45
2024-01-14T12:00,-8.0,0.0,1.3,0.45
2024-01-15T12:00,-4.6,0.0,2.1,0.45
2024-01-16T12:00,4.1,0.0,7.9,0.45
2024-01-17T12:00,6.3,0.0,11.3,0.45
2024-01-18T12:00,3.3,0.0,10.1,0.45
2024-01-19T12:00,3.5,0.0,10.0,0.45
2024-01-20T12:00,3.6,0.0,8.1,0.45
2024-01-21T12:00,21.2,0.0,18.5,0.45
2024-01-22T12:00,21.7,0.0,22.7,0.451
2024-01-23T12:00,28.1,0.0,26.5,0.451
2024-01-24T12:00,32.2,0.0,27.8,0.45
2024-01-25T12:00,32.7,0.0,27.9,0.45
2024-01-26T12:00,31.3,0.0,27.7,0.45
2024-01-27T12:00,34.6,0.0,27.9,0.449
2024-01-28T12:00,36.2,0.0,28.0,0.455
2024-01-29T12:00,40.9,0.0,28.7,0.469
2024-01-30T12:00,39.3,0.0,31.4,0.468
2024-01-31T12:00,46.2,0.0,29.5,0.465
2024-02-01T12:00,41.0,0.0,31.6,0.455
2024-02-02T12:00,37.7,0.0,30.7,0.45
2024-02-03T12:00,35.8,0.0,30.5,0.448
2024-02-04T12:00,37.6,0.0,29.2,0.446
2024-02-05T12:00,40.3,0.0,30.6,0.444
2024-02-06T12:00,43.5,0.0,35.0,0.441
2024-02-07T12:00,44.1,0.0,33.1,0.439
2024-02-08T12:00,36.9,0.079,34.1,0.476
2024-02-09T12:00,28.8,0.0,29.2,0.475
2024-02-10T12:00,34.2,0.0,30.5,0.468
2024-02-11T12:00,32.7,0.0,27.8,0.464
2024-02-12T12:00,36.7,0.0,28.4,0.461
2024-02-13T12:00,37.8,0.0,31.2,0.458
2024-02-14T12:00,30.5,0.0,29.3,0.456
2024-02-15T12:00,27.0,0.0,27.6,0.455
2024-02-16T12:00,13.6,0.0,25.3,0.454
2024-02-17T12:00,35.6,0.0,27.8,0.453
2024-02-18T12:00,35.1,0.0,28.0,0.453
2024-02-19T12:00,39.1,0.0,28.1,0.452
2024-02-20T12:00,39.5,0.0,28.3,0.451
2024-02-21T12:00,43.3,0.0,31.4,0.449
2024-02-22T12:00,42.8,0.0,30.8,0.452
2024-02-23T12:00,29.2,0.0,31.0,0.449
2024-02-24T12:00,45.6,0.0,28.4,0.449
2024-02-25T12:00,38.6,0.0,31.7,0.447
2024-02-26T12:00,51.1,0.0,31.8,0.446
2024-02-27T12:00,9.2,0.0,23.2,0.446
2024-02-28T12:00,5.9,0.0,22.3,0.446
2024-02-29T12:00,30.7,0.0,26.4,0.446
2024-03-01T12:00,42.2,0.0,28.7,0.451
2024-03-02T12:00,32.4,0.004,30.8,0.465
2024-03-03T12:00,44.9,0.118,30.8,0.503
2024-03-04T12:00,24.9,0.0,27.6,0.488
2024-03-05T12:00,25.1,0.0,27.1,0.484
2024-03-06T12:00,40.3,0.0,28.1,0.482
2024-03-07T12:00,27.2,0.0,27.7,0.478
2024-03-08T12:00,32.2,0.0,29.8,0.474
2024-03-09T12:00,33.7,0.0,28.1,0.474
2024-03-10T12:00,47.8,0.0,28.7,0.471
2024-03-11T12:00,57.5,0.0,35.1,0.46
2024-03-12T12:00,53.8,0.0,40.7,0.445
2024-03-13T12:00,45.6,0.004,37.0,0.435
2024-03-14T12:00,47.3,0.0,40.2,0.442
2024-03-15T12:00,47.8,0.0,39.9,0.432
2024-03-16T12:00,40.1,0.0,36.9,0.428
2024-03-17T12:00,26.8,0.0,31.3,0.427
2024-03-18T12:00,30.5,0.0,28.2,0.429
2024-03-19T12:00,39.8,0.0,31.4,0.43
2024-03-20T12:00,23.5,0.0,28.0,0.43
2024-03-21T12:00,29.0,0.0,28.3,0.43
2024-03-22T12:00,31.1,0.0,28.4,0.431
2024-03-23T12:00,30.6,0.0,28.3,0.431
2024-03-24T12:00,26.9,0.0,28.2,0.431
2024-03-25T12:00,23.5,0.0,28.3,0.431
2024-03-26T12:00,22.3,0.0,27.5,0.431
2024-03-27T12:00,24.2,0.0,27.8,0.431
2024-03-28T12:00,35.6,0.0,28.6,0.431
2024-03-29T12:00,35.1,0.0,30.6,0.43
2024-03-30T12:00,41.3,0.0,31.6,0.432
2024-03-31T12:00,39.5,0.0,31.1,0.431
2024-04-01T12:00,40.9,0.0,31.8,0.43
2024-04-02T12:00,48.6,0.004,33.4,0.42
2024-04-03T12:00,47.7,0.0,35.4,0.416
2024-04-04T12:00,49.6,0.0,32.6,0.411
2024-04-05T12:00,56.0,0.0,33.8,0.405
2024-04-06T12:00,55.6,0.0,45.0,0.391
2024-04-07T12:00,35.2,0.217,35.9,0.45
2024-04-08T12:00,43.5,0.004,39.5,0.475
2024-04-09T12:00,56.4,0.0,47.9,0.456
2024-04-10T12:00,63.7,0.0,52.1,0.437
2024-04-11T12:00,54.9,0.0,49.7,0.419
2024-04-12T12:00,55.2,0.0,50.8,0.415
2024-04-13T12:00,67.3,0.0,56.6,0.386
2024-04-14T12:00,66.1,0.0,57.5,0.359
2024-04-15T12:00,58.8,0.012,52.9,0.335
2024-04-16T12:00,50.0,0.142,46.8,0.368
2024-04-17T12:00,53.9,0.0,48.5,0.479
2024-04-18T12:00,39.9,0.0,42.0,0.458
2024-04-19T12:00,35.0,0.0,36.7,0.446
2024-04-20T12:00,42.8,0.0,41.6,0.432
2024-04-21T12:00,56.0,0.0,39.5,0.414
2024-04-22T12:00,55.1,0.0,49.7,0.39
2024-04-23T12:00,54.9,0.0,52.8,0.364
2024-04-24T12:00,58.7,0.0,49.5,0.351
2024-04-25T12:00,69.0,0.0,58.6,0.321
2024-04-26T12:00,48.6,0.268,48.6,0.388
2024-04-27T12:00,50.2,0.004,48.5,0.441
2024-04-28T12:00,46.4,0.0,45.8,0.423
2024-04-29T12:00,39.9,0.012,40.1,0.468
2024-04-30T12:00,54.3,0.0,49.2,0.442
2024-05-01T12:00,58.4,0.0,52.1,0.472
2024-05-02T12:00,50.2,0.193,47.8,0.515
2024-05-03T12:00,56.3,0.0,51.8,0.483
2024-05-04T12:00,57.5,0.008,53.0,0.468
2024-05-05T12:00,63.8,0.0,55.7,0.456
2024-05-06T12:00,68.1,0.0,58.9,0.435
2024-05-07T12:00,59.8,0.098,56.5,0.49
2024-05-08T12:00,63.6,0.0,59.0,0.462
2024-05-09T12:00,66.7,0.0,61.8,0.44
2024-05-10T12:00,66.6,0.0,61.1,0.408
2024-05-11T12:00,73.9,0.0,63.2,0.379
2024-05-12T12:00,70.0,0.0,66.3,0.345
2024-05-13T12:00,60.9,0.0,62.2,0.318
2024-05-14T12:00,69.2,0.0,64.6,0.295
2024-05-15T12:00,55.7,0.138,56.1,0.321
2024-05-16T12:00,68.2,0.0,62.2,0.434
2024-05-17T12:00,77.2,0.0,70.1,0.404
2024-05-18T12:00,65.2,0.0,65.9,0.452
2024-05-19T12:00,66.7,0.004,62.1,0.419
2024-05-20T12:00,68.4,0.0,65.5,0.422
2024-05-21T12:00,55.5,0.138,56.2,0.441
2024-05-22T12:00,64.2,0.024,61.7,0.452
2024-05-23T12:00,68.0,0.024,61.6,0.423
2024-05-24T12:00,61.8,0.591,59.5,0.509
2024-05-25T12:00,62.6,0.0,60.3,0.475
2024-05-26T12:00,67.9,0.0,64.5,0.466
2024-05-27T12:00,63.1,0.15,60.7,0.502
2024-05-28T12:00,59.6,0.012,60.7,0.484
2024-05-29T12:00,67.6,0.0,62.9,0.461
2024-05-30T12:00,69.6,0.15,65.6,0.479
2024-05-31T12:00,70.8,0.0,65.8,0.459
2024-06-01T12:00,69.2,0.0,66.0,0.439
2024-06-02T12:00,75.0,0.0,68.2,0.47
2024-06-03T12:00,74.9,0.0,71.3,0.467
2024-06-04T12:00,67.2,0.043,67.6,0.468
2024-06-05T12:00,69.7,0.0,67.0,0.45
2024-06-06T12:00,65.2,0.004,63.5,0.423
2024-06-07T12:00,74.3,0.0,68.5,0.405
2024-06-08T12:00,73.0,0.0,68.0,0.437
2024-06-09T12:00,68.4,0.0,67.4,0.4
2024-06-10T12:00,68.7,0.0,68.3,0.371
2024-06-11T12:00,74.8,0.0,70.9,0.42
2024-06-12T12:00,85.4,0.0,77.1,0.385
2024-06-13T12:00,78.4,0.0,75.1,0.345
2024-06-14T12:00,77.3,0.0,76.1,0.322
2024-06-15T12:00,79.1,0.0,76.9,0.312
2024-06-16T12:00,75.5,0.004,73.3,0.416
2024-06-17T12:00,72.0,0.0,71.7,0.379
2024-06-18T12:00,67.2,0.016,67.2,0.44
2024-06-19T12:00,67.7,0.0,68.9,0.406
2024-06-20T12:00,73.3,0.0,72.5,0.385
2024-06-21T12:00,74.6,0.0,72.0,0.382
2024-06-22T12:00,71.5,0.004,69.1,0.414
2024-06-23T12:00,78.9,0.0,75.1,0.4
2024-06-24T12:00,81.4,0.047,74.2,0.382
2024-06-25T12:00,81.8,0.0,78.9,0.345
2024-06-26T12:00,66.5,0.012,70.0,0.321
2024-06-27T12:00,74.7,0.0,73.1,0.313
2024-06-28T12:00,76.4,0.0,73.0,0.436
2024-06-29T12:00,64.9,0.0,66.9,0.404
2024-06-30T12:00,68.6,0.0,69.7,0.374
2024-07-01T12:00,70.5,0.39,68.3,0.477
2024-07-02T12:00,76.8,0.0,74.2,0.382
2024-07-03T12:00,77.6,0.0,75.3,0.354
2024-07-04T12:00,71.0,0.618,68.8,0.478
2024-07-05T12:00,76.5,0.0,75.0,0.405
2024-07-06T12:00,71.0,0.055,72.8,0.391
2024-07-07T12:00,75.5,0.0,76.0,0.363
2024-07-08T12:00,80.5,0.0,79.1,0.344
2024-07-09T12:00,81.6,0.004,80.4,0.32
2024-07-10T12:00,82.9,0.0,81.0,0.306
2024-07-11T12:00,85.1,0.0,82.4,0.294
2024-07-12T12:00,85.3,0.0,83.2,0.285
2024-07-13T12:00,86.8,0.0,85.3,0.297
2024-07-14T12:00,83.1,0.0,82.8,0.32
2024-07-15T12:00,79.1,0.02,78.8,0.354
2024-07-16T12:00,76.4,0.004,78.3,0.335
2024-07-17T12:00,71.2,0.0,74.6,0.318
2024-07-18T12:00,77.9,0.0,77.3,0.302
2024-07-19T12:00,83.6,0.0,80.9,0.291
2024-07-20T12:00,79.8,0.047,80.9,0.291
2024-07-21T12:00,81.9,0.004,83.5,0.294
2024-07-22T12:00,85.0,0.0,83.3,0.31
2024-07-23T12:00,81.3,0.0,82.6,0.3
2024-07-24T12:00,79.5,0.0,80.0,0.302
2024-07-25T12:00,83.2,0.0,80.7,0.3
2024-07-26T12:00,91.3,0.0,85.3,0.296
2024-07-27T12:00,84.6,0.0,83.2,0.299
2024-07-28T12:00,84.2,0.0,82.2,0.404
2024-07-29T12:00,83.0,0.0,81.7,0.388
2024-07-30T12:00,85.3,0.0,81.4,0.431
2024-07-31T12:00,83.4,0.004,80.1,0.4
2024-08-01T12:00,83.6,0.0,81.1,0.396
2024-08-02T12:00,83.2,0.0,81.0,0.368
2024-08-03T12:00,88.0,0.0,83.4,0.345
2024-08-04T12:00,74.6,0.0,76.1,0.332
2024-08-05T12:00,63.4,0.15,65.6,0.388
2024-08-06T12:00,72.5,0.0,72.1,0.347
2024-08-07T12:00,72.9,0.079,70.9,0.39
2024-08-08T12:00,62.1,0.0,63.7,0.373
2024-08-09T12:00,65.1,0.0,66.1,0.365
2024-08-10T12:00,70.4,0.0,68.2,0.349
2024-08-11T12:00,73.4,0.0,70.1,0.334
2024-08-12T12:00,75.5,0.0,71.9,0.312
2024-08-13T12:00,76.6,0.0,73.1,0.303
2024-08-14T12:00,69.4,0.236,68.9,0.37
2024-08-15T12:00,72.1,0.039,70.5,0.398
2024-08-16T12:00,71.9,0.039,69.2,0.462
2024-08-17T12:00,76.2,0.0,74.6,0.424
2024-08-18T12:00,78.6,0.0,76.2,0.397
2024-08-19T12:00,81.0,0.0,77.8,0.375
2024-08-20T12:00,76.3,0.008,75.4,0.355
2024-08-21T12:00,75.8,0.0,73.6,0.35
2024-08-22T12:00,76.4,0.098,73.4,0.475
2024-08-23T12:00,78.3,0.0,75.5,0.437
2024-08-24T12:00,81.3,0.0,77.4,0.412
2024-08-25T12:00,86.3,0.0,80.6,0.392
2024-08-26T12:00,77.6,0.0,77.2,0.388
2024-08-27T12:00,69.0,0.004,71.0,0.382
2024-08-28T12:00,73.7,0.008,69.9,0.379
2024-08-29T12:00,75.5,0.004,72.6,0.386
2024-08-30T12:00,76.4,0.0,71.2,0.376
2024-08-31T12:00,78.9,0.0,72.9,0.353
2024-09-01T12:00,71.1,0.0,70.1,0.338
2024-09-02T12:00,74.3,0.0,69.8,0.319
2024-09-03T12:00,80.6,0.0,74.5,0.307
2024-09-04T12:00,76.7,0.0,74.5,0.302
2024-09-05T12:00,67.4,0.0,70.0,0.31
2024-09-06T12:00,65.9,0.0,67.1,0.308
2024-09-07T12:00,69.3,0.0,65.9,0.301
2024-09-08T12:00,77.3,0.0,70.1,0.301
2024-09-09T12:00,78.4,0.0,72.3,0.278
2024-09-10T12:00,82.0,0.0,76.8,0.273
2024-09-11T12:00,71.6,0.0,70.5,0.286
2024-09-12T12:00,81.4,0.0,75.2,0.291
2024-09-13T12:00,80.9,0.0,76.8,0.285
2024-09-14T12:00,77.3,0.0,75.6,0.339
2024-09-15T12:00,80.2,0.0,75.9,0.395
2024-09-16T12:00,77.8,0.303,73.1,0.467
2024-09-17T12:00,82.4,0.0,77.6,0.393
2024-09-18T12:00,74.5,0.087,75.0,0.405
2024-09-19T12:00,75.8,0.0,73.3,0.387
2024-09-20T12:00,72.6,0.0,71.0,0.37
2024-09-21T12:00,64.3,0.0,66.3,0.347
2024-09-22T12:00,65.4,0.0,64.7,0.338
2024-09-23T12:00,67.6,0.0,63.3,0.324
2024-09-24T12:00,70.6,0.0,66.6,0.34
2024-09-25T12:00,78.5,0.0,69.2,0.321
2024-09-26T12:00,80.9,0.0,71.6,0.297
2024-09-27T12:00,73.4,0.0,71.7,0.278
2024-09-28T12:00,79.1,0.0,71.9,0.27
2024-09-29T12:00,81.8,0.0,72.8,0.25
2024-09-30T12:00,69.1,0.0,74.1,0.244
2024-10-01T12:00,62.6,0.0,63.4,0.254
2024-10-02T12:00,74.3,0.0,68.7,0.262
2024-10-03T12:00,59.3,0.0,62.2,0.264
2024-10-04T12:00,65.6,0.0,60.9,0.265
2024-10-05T12:00,68.0,0.0,66.5,0.255
2024-10-06T12:00,56.9,0.0,60.8,0.257
2024-10-07T12:00,67.4,0.0,63.4,0.257
2024-10-08T12:00,69.3,0.0,63.4,0.251
2024-10-09T12:00,70.9,0.0,64.6,0.246
2024-10-10T12:00,77.4,0.0,67.8,0.245
2024-10-11T12:00,61.9,0.0,64.4,0.249
2024-10-12T12:00,61.3,0.0,63.1,0.256
2024-10-13T12:00,54.3,0.0,56.7,0.257
2024-10-14T12:00,47.3,0.0,48.3,0.278
2024-10-15T12:00,48.7,0.0,48.7,0.282
2024-10-16T12:00,57.3,0.0,52.4,0.295
2024-10-17T12:00,69.0,0.0,60.1,0.285
2024-10-18T12:00,54.6,0.469,55.3,0.433
2024-10-19T12:00,57.1,0.0,55.7,0.31
2024-10-20T12:00,68.6,0.0,59.0,0.311
2024-10-21T12:00,71.8,0.0,61.7,0.297
2024-10-22T12:00,60.8,0.264,61.1,0.382
2024-10-23T12:00,52.9,0.0,54.4,0.314
2024-10-24T12:00,52.6,0.016,53.1,0.319
2024-10-25T12:00,53.7,0.0,50.0,0.366
2024-10-26T12:00,53.9,0.0,44.4,0.353
2024-10-27T12:00,55.5,0.0,51.7,0.341
2024-10-28T12:00,63.5,0.0,55.3,0.324
2024-10-29T12:00,55.0,0.0,53.0,0.317
2024-10-30T12:00,47.4,0.004,49.0,0.382
2024-10-31T12:00,40.9,0.0,42.2,0.364
2024-11-01T12:00,42.3,0.0,31.6,0.362
2024-11-02T12:00,45.1,0.0,44.4,0.368
2024-11-03T12:00,51.5,0.0,47.9,0.416
2024-11-04T12:00,47.7,0.0,48.9,0.435
2024-11-05T12:00,43.9,0.0,45.6,0.405
2024-11-06T12:00,46.6,0.0,45.4,0.39
2024-11-07T12:00,46.6,0.0,43.2,0.38
2024-11-08T12:00,48.3,0.0,45.3,0.363
2024-11-09T12:00,49.2,0.0,44.7,0.352
2024-11-10T12:00,51.2,0.0,48.8,0.377
2024-11-11T12:00,40.6,0.0,43.2,0.37
2024-11-12T12:00,44.3,0.0,33.1,0.349
2024-11-13T12:00,46.7,0.0,45.5,0.339
2024-11-14T12:00,45.0,0.0,44.9,0.342
2024-11-15T12:00,43.9,0.0,32.9,0.339
2024-11-16T12:00,52.4,0.0,46.7,0.344
2024-11-17T12:00,44.5,0.0,44.3,0.345
2024-11-18T12:00,44.3,0.0,31.7,0.351
2024-11-19T12:00,42.9,0.24,41.7,0.492
2024-11-20T12:00,26.5,0.0,33.3,0.456
2024-11-21T12:00,25.7,0.0,30.6,0.444
2024-11-22T12:00,24.8,0.0,29.8,0.438
2024-11-23T12:00,25.6,0.0,31.9,0.433
2024-11-24T12:00,32.1,0.0,31.3,0.43
2024-11-25T12:00,19.5,0.0,28.3,0.428
2024-11-26T12:00,19.9,0.0,28.5,0.425
2024-11-27T12:00,21.4,0.0,29.2,0.423
2024-11-28T12:00,16.5,0.0,27.0,0.422
2024-11-29T12:00,5.3,0.0,22.5,0.421
2024-11-30T12:00,7.1,0.0,19.2,0.421
2024-12-01T12:00,12.9,0.0,17.6,0.421
2024-12-02T12:00,14.2,0.0,19.0,0.421
2024-12-03T12:00,19.4,0.0,20.9,0.421
2024-12-04T12:00,11.6,0.0,23.6,0.434
2024-12-05T12:00,9.9,0.0,17.2,0.434
2024-12-06T12:00,32.8,0.0,28.0,0.434
2024-12-07T12:00,45.3,0.0,31.0,0.449
2024-12-08T12:00,36.7,0.028,31.4,0.463
2024-12-09T12:00,21.9,0.0,28.2,0.485
2024-12-10T12:00,28.8,0.0,30.3,0.482
2024-12-11T12:00,0.8,0.0,15.6,0.482
2024-12-12T12:00,0.8,0.0,9.7,0.482
2024-12-13T12:00,9.7,0.0,11.1,0.482
2024-12-14T12:00,23.8,0.0,21.6,0.482
2024-12-15T12:00,33.4,0.0,30.2,0.483
2024-12-16T12:00,29.6,0.0,30.5,0.485
2024-12-17T12:00,24.5,0.0,27.3,0.484
2024-12-18T12:00,11.7,0.0,22.8,0.484
2024-12-19T12:00,20.7,0.004,23.0,0.484
2024-12-20T12:00,-0.6,0.0,16.8,0.484
2024-12-21T12:00,16.2,0.0,17.9,0.484
2024-12-22T12:00,21.3,0.0,21.4,0.484
2024-12-23T12:00,20.7,0.0,23.4,0.485
2024-12-24T12:00,23.3,0.0,23.9,0.485
2024-12-25T12:00,29.1,0.0,27.7,0.485
2024-12-26T12:00,31.8,0.0,30.5,0.485
2024-12-27T12:00,36.6,0.0,31.5,0.514
2024-12-28T12:00,34.0,0.0,30.7,0.482
2024-12-29T12:00,35.6,0.0,31.4,0.475
2024-12-30T12:00,24.2,0.0,29.0,0.477
2024-12-31T12:00,24.2,0.0,29.6,0.476
2025-01-01T12:00,15.2,0.0,21.6,0.475
